00445169
00444519
02666239
01410363
03420559
01087197
01149494
01364008
00233335
05162455
10341660
02987454
03354613
01340439
00088481
02272549
02979662
01662771
01021128
05925366
02512305
01153548
00456740
07369604
01292885
07976936
04750164
00082308
03075768
07520612
01780941
05849789
02630189
08612786
01276361
00847340
01428853
02509287
00808182
00527572
13491060
00267349
01590171
00915722
01742726
07423001
07355887
02728440
00046534
01167146
01612053
03600977
03605915
03264542
08592656
02443049
01135529
01779165
04143712
01753596
09972157
00922438
00921738
00443384
14110411
00064095
03879854
00149084
01285440
03779621
00353782
00429060
04659287
01026262
10371741
00752335
13913566
01240432
01240210
05085572
09941964
02441022
00354884
00359903
00751887
00201923
00462092
01130607
03878963
01059400
02095311
04713332
04712735
13999663
01301410
03391301
01586850
00290740
00351638
00833702
00893955
10080337
01474513
02451113
00119873
10078806
01739814
00795008
00047317
10012815
00650353
15224293
01687569
01159964
02447001
10298912
02659763
04930307
01819554
10525134
09800249
09952163
02506555
02064745
02700104
00552841
00083334
01368192
01667449
04033995
07366289
02661252
00595146
10164233
01296462
04802776
02502536
00320852
00898804
01697027
02660147
13860793
01643464
10029068
00152887
09941383
00482893
00185104
05696020
10093908
02702830
09442838
00709625
03496892
03322940
02646931
14442530
01834304
00410247
01531375
01508719
00299580
00044149
08512259
00087152
01922763
02875013
01467370
02806907
06806469
00764902
01205827
14441825
00791227
00651991
05748285
07254057
07253637
01582645
03234306
02542280
00696518
04181228
01085474
00859325
04630689
09941571
09943541
03573282
00187526
00027807
00413876
01051331
07515560
08552138
02512150
01070892
00355252
09779790
00245457
08512736
03178782
10300303
07337390
01876907
00236289
01551871
01684337
00759551
01765392
00590626
04713118
01029852
07202579
05117660
05093890
10388440
02539334
01104406
01782218
01780202
03051540
00050652
03792334
01660640
00661213
05748786
01146039
02553697
09812338
02991122
13971561
07519253
00100044
02204692
10389398
00169651
00170844
03670849
02845576
07177437
06526291
10402417
06773976
01647867
13969243
03852280
03574816
05641959
00597385
04748836
00119524
04157320
00928077
00321956
00047745
04085873
03315644
04641153
04640927
01781180
05844105
01301051
00650016
02564986
13998781
10388924
00809465
08677628
02695895
01123148
05161614
00044797
00040962
00040804
04051825
01128071
04905188
01320009
00921790
01815185
03721797
02928413
01498713
00224901
09476521
01089137
08398036
13743269
13741022
01128655
01354673
05755486
01148614
04750764
00263813
05075602
10317007
00508032
00234725
10161363
10079399
00760956
00300537
04928903
10155849
10280130
02710673
01149480
01583494
07985223
03104594
00043683
10245639
10180178
05256862
04055030
01363613
07527352
01877204
07346057
00017222
01567275
09624559
01329239
04321238
13489037
13458571
00151689
01248191
00049003
14405931
01785748
03128583
00919513
00916464
08567235
00908772
01693881
01588493
02711114
13998576
00140652
01211699
01613239
01052853
02501278
01187810
00235368
10079210
13451508
00671351
01169194
03146846
01741446
00040152
08565701
02361600
07150644
07148192
00314469
00443116
00909363
04613158
10668450
02357693
00597634
00595935
00431826
05849040
11415084
11414874
01735308
03257343
01295275
02667900
02657219
01222666
04802629
04612840
04295081
00083124
03777283
01743784
03091374
01421122
02416751
02416278
07066659
08574314
08630985
01203715
01162754
01987160
04110439
01667304
03257586
00482473
04160372
10689564
07003119
01690294
10298647
02509919
00155487
10120816
10351281
00589624
09780828
06063588
13454318
01271658
04433185
09931640
00594836
02664769
01421622
10054657
01321002
13457378
10033082
00059552
03386011
02023992
00737399
01510827
07338114
14480772
00445467
04777098
04776699
00038849
03745285
02389592
02389346
06520944
00241038
00441445
05111835
05109808
05196582
05196375
01202904
06798750
02510337
07970406
09918248
01583656
06791372
01039330
07532440
04179385
01465365
00119074
06473381
00364479
00914632
00913705
10678472
00145218
02622234
07515790
07537259
03722007
03669886
00859153
01813884
13903079
04361641
01286913
01151097
00294884
00883611
00240131
01466978
01711749
00612160
02760116
00083809
00147595
13321495
13320168
02894605
04565375
01288052
05197797
02333689
00231557
05750657
05750163
01222477
01221611
01148283
00588797
02538765
06661562
09303008
10566072
05890249
01722980
00770141
00830448
01224744
07988857
04910973
01640550
02506361
09816771
02470175
13863771
04272054
02899439
02785648
05635624
00148978
01114303
09956578
00867231
10378412
13996300
02496816
01465218
01666717
00082714
03237639
14479615
00089027
00047945
00791078
00788821
07705711
00236592
02003725
13240514
13743605
07020895
03932203
00261705
13969700
01004062
01000214
08438067
06799897
01291069
02203362
10529231
04644512
06893885
01719302
03673971
01088923
00828237
00796047
07006119
03674440
13970764
01711445
06157326
02443849
00409211
06004685
06000644
00715674
00714944
07537068
03390983
00845523
02887741
00938419
00935940
04596852
00362355
00355547
00918820
01740608
03327234
01736822
08513163
03932670
03309808
00046109
02812482
00362467
10132641
02820210
10378780
09935434
08060694
10582746
01742886
01020936
10325774
02700455
01580467
00140393
10213034
01293389
03322099
03330947
02513460
14413644
00456596
05981230
05980875
00212414
05074774
01366718
00442669
00084230
02743547
04369025
01283208
00508192
03385557
01606205
09953178
01156899
07150850
01666327
01019524
10640620
13559782
08436759
09366317
01492052
01069391
00262703
00260648
04906273
03817647
03173524
01181475
02671279
02458103
02286204
09625401
13244109
00032613
14008806
01660386
09326662
02388145
02296984
10645611
01648126
03430959
01689379
02420232
04916342
00252019
01629000
00981276
00761713
04713428
02840361
01303242
00999817
00194969
13085864
04463273
00266806
03779370
08620763
08620061
09260907
01781983
02257370
07270179
01389776
10584318
00150287
13427078
01190884
01015310
10388732
06003682
09626238
00579712
00765213
01151407
02561332
00539110
04631298
01624568
02694933
06084469
08688247
01697406
13792692
10299875
05749619
02868326
00483181
10160412
04623612
04906026
09758781
02431971
04714440
04731497
09964411
04547592
07366627
04659090
01027263
00815644
01151110
10301261
00188466
03430091
00253761
00041899
00730301
10210648
01147950
06043075
00432683
13937554
13927383
03285912
00619972
03169390
10678662
07006712
05198036
00521562
01688771
01093587
02542795
02539359
00909899
01150559
10419047
02579447
01069190
01466543
02987177
01588134
09802641
02439732
00815320
00920778
01930512
04639113
08664443
01647672
10657306
10676877
00908909
10308732
01656788
13988663
07555863
15046900
01675963
05846355
00589769
01195536
04681387
00429968
13903387
06817782
01159776
03171356
05638987
08197742
03728811
00595684
05937112
02144644
00527367
10474645
05728678
09803429
03958097
09964805
06153846
02274482
03265479
10470460
00931608
03763403
04605726
01256157
01819147
01575675
01155421
01410905
00406365
02723733
03763727
00730499
10029269
03282060
13970236
10399491
13470491
06099269
05938795
08493064
00327824
03106110
06022291
06018465
04296562
13928668
00406243
13987423
07529563
03533486
04377057
00039021
09882007
14445379
07273136
00759694
00411384
04910135
01275762
08645963
08622950
01205156
01496630
00924612
01150938
07151122
08497294
10522324
01271189
09784443
09974648
00296178
09769929
02374149
05107765
05090441
06773434
04602044
03778600
15236475
01666894
10595164
01127623
01740892
00476819
00049197
00696882
02703952
01079604
00737188
02612368
10448983
03264136
03792048
00935005
01128390
00933566
00351485
00404403
00119266
06709533
01389942
02371684
04608567
03563967
06891493
05748054
00052043
13905792
01133281
08568978
08630039
03093574
10249459
10351874
10291110
04770911
07493280
00709379
00917211
03096960
06998748
01683582
05902327
05640433
00052374
05765415
03513627
00348571
09273291
09882716
08566028
00708017
10294602
04905842
01804414
05084201
00898518
14405774
03525252
07975026
02799897
09609232
04550426
09942970
06873252
07996689
02748927
06149484
07514968
09957614
00044673
02372326
05257737
00610373
00827379
00512186
03738241
03961939
02023341
00520257
00230746
06083243
06037666
01602318
02152212
10515194
02589576
01130169
01049685
01654628
00923995
10383816
09614315
01552519
01309701
15265518
00345761
00036762
00035189
01476483
01074498
01993352
00770543
02060141
07445896
00697589
00162632
05512139
05515670
09206985
01921964
03619396
02339413
07208000
01506157
00710005
05250659
05248181
06252954
00928630
00631737
06782680
02743261
02472293
00103834
00045250
00031921
02724417
13812607
07969695
01637982
01633343
01410223
00125629
01136519
02432530
10461424
00007347
08061042
01094725
03894379
02467662
10709529
00007846
00070641
00030358
00685638
02495922
05148699
05563770
10412055
01904930
01505254
04019696
10355449
10363913
05602835
05601758
05564590
05373790
01835496
00969873
00695523
02451951
09775663
00872886
01021420
00805376
10213652
09631129
01864634
00337210
01430111
01943406
00318735
01449974
01632411
01631534
00442267
14686913
11498040
01609287
02448185
08164585
00191980
01457954
10745894
00681429
01506583
08008335
04362025
00021939
01762528
07528470
01091427
03335030
01128193
01887076
01311103
03996416
01898129
02569130
00851239
00794079
02230772
02230247
13558696
00654625
00941974
05468849
05469032
01126360
10214062
00893435
06741305
01978576
01970826
05792842
00167934
00261405
01405044
00004227
00001740
01494310
01850315
05702275
05701944
10261041
15140892
02504562
01127245
02154508
09626589
05299178
05473735
05598147
05283816
15055633
00575720
00384620
00788973
02407338
08358594
00327031
07204401
07160883
07133701
09961999
02567147
13980845
00896803
05823054
01463963
00190999
14841267
01649999
14578471
00633443
05891783
07109196
06282651
00875394
07162680
00807461
07246742
01632897
01951480
00798539
09184975
05978159
05967977
02566528
01627965
05908520
00707956
00711550
01639714
01789270
07518468
04592741
02688443
02840619
01335804
00798245
01026975
01853069
01974062
00100543
00938247
07409592
07339329
02285629
00043195
00248659
00282050
06711159
00862683
02309341
00503164
05370410
00295701
02102002
00739340
05770926
01345109
01074694
01120069
00773814
00170156
04781349
02324478
00126264
01201089
05546040
02450505
01763813
02718543
01170175
01644522
00159177
05577410
05566919
01207951
01205696
10699752
00782527
01831531
01848465
03840327
15255804
00471613
01846916
01512259
00572489
10115082
02075462
01638368
05633385
05465567
01380122
03327841
02796623
00893167
10399299
04011827
02848523
07514345
01761706
09802050
10066732
05051896
05051249
00955148
05919866
04359589
01217043
01995549
01017987
00019613
00020827
10428004
06090869
00006484
05445668
00109660
07296428
01105259
01082454
09901143
02427103
10107303
02107248
04060647
09437454
01803380
10695555
01351170
01995211
00869596
00775831
02037272
02513740
01211098
01226215
02747709
06633363
01631830
03100897
11495041
01447257
01685601
06123363
00733483
00732746
02982790
01440378
00679389
00198631
05532225
05535484
05736149
05733583
05540513
05541872
01989053
00613393
00835903
06756407
01628449
01617192
06601327
00931852
09926862
01644050
01627355
09985279
02451370
09614684
00818466
05472032
05470189
00002452
00001930
00283127
02994448
00191142
00037396
00290276
02062212
01238424
00367685
04360501
04361095
00919424
03429288
01423285
01976089
14422179
00205885
07325190
02608347
06671637
06671484
02604760
01439190
00419644
00418025
05779712
05773923
01146576
02495038
11412727
00941990
07080868
05195362
05313115
05426243
00831651
05816287
02554647
02554922
01659248
01668603
05595083
05220461
04754440
00550282
13576355
00033615
00770437
07326557
01621555
05845140
01947266
00849357
00831191
00836788
10191613
09608709
00643250
06251781
00682230
06252138
06182144
05996646
06652242
06786629
00963452
04838210
01871979
11458624
01215392
00803815
07365849
07291312
02148788
06891022
00775156
07242104
04686003
00166146
06605396
07151380
02348568
03746574
04050410
01575146
07328942
01640207
09897696
09629752
00315986
00113726
01871680
10791221
10053808
07181043
02701775
00707366
02321009
00672433
05789432
02697725
00836236
01870889
00064479
00625393
04761212
13526110
00029677
01211019
01210737
01554799
02106506
01651444
02511551
03450018
02151625
05297523
01968569
01350449
15142167
00835267
13426376
13561719
13086908
00019128
10480018
09623038
01999798
06511874
00698855
00773432
02635659
01752884
05563266
02045043
02045790
01634424
10708454
00628491
13920835
01253060
00105333
05600637
05599617
00173159
02670186
00927017
02603699
10794014
09610660
01256743
00813790
00124880
00046522
01016832
10466918
03401500
03944672
05442131
05444324
02749778
02504131
02662297
10637635
05481095
05495981
01129920
02506546
01131473
05986948
01993926
01258617
01996377
02464693
01129876
07477945
00381680
02679899
01896031
01680132
01070102
07138915
00689344
00242808
01759326
03018802
09773245
13980288
09870208
09939313
00829378
00817680
00719734
00726784
00726300
00123170
10694258
00593732
05922651
02379528
07140978
05254197
00968211
06253518
00112312
05549830
05552607
00239910
01650610
07129867
00727573
03575240
02461723
05578442
05271383
00131018
08573472
00721437
00598954
00019792
09821253
05772215
01932973
06687178
06686736
06208751
06208021
00115667
01448100
05225602
02686568
03061505
05854150
00011757
09633969
00404642
10383237
02713852
11498203
08550076
08651247
05840650
02237338
00796976
14006945
00043411
05461816
05296253
05289861
05459769
05303402
07314277
00339934
00578116
01156438
05386845
01256600
01435380
05543917
10096217
05786372
01098869
08199025
02733122
02202928
01236164
00140123
01906322
00887081
02945971
10209246
10731244
02665803
00575970
09900981
01806505
13858045
00812580
01478002
05559256
01165692
10383505
10738515
01323449
10335931
01855606
01796346
06757891
00045646
01381549
00146138
07423365
02670683
01899262
01996574
06389230
01548718
00912960
03294048
10046527
00776523
00766418
00270215
09615465
05794694
05558717
09470550
09258715
09609871
00804802
10018021
05790572
02502916
03748886
05560787
05379734
07140659
04473432
01953810
02492198
02388950
02557199
00706243
10484526
03308152
07180787
00334935
01229976
01014990
01316619
01118449
02367363
00033020
00760402
04076846
01686132
00171590
07212190
05555688
05221895
05532795
05328867
01940403
02190166
10438172
07170467
00746718
00662589
00920336
01176431
01170962
04552348
03510583
09257949
00829761
00238527
01220636
03967942
00446493
01090335
01017320
02581073
14451349
13910384
00027167
07963987
01462005
01767949
02108791
05578095
05585665
05945642
01016316
02373015
02372605
10418841
02730135
00136991
01613463
01998793
13102409
06324475
06291318
01241767
00894738
10495167
04800359
01686439
08381436
02463205
02505358
01516534
05254795
05237755
00118523
08462320
05556325
00325110
00745005
00235435
02558172
02537812
00433232
08510666
05285275
00003553
00002684
10433164
09826204
02981759
00883297
00772967
14299637
05823932
07550666
01793177
00657260
00632627
10429965
09855630
05803379
01387786
00113113
01989669
04861486
05577190
05576194
01789514
01221790
01925372
14481080
02796412
00041188
10660333
08482271
07160116
01629958
01115916
03328201
01400044
00834259
10256537
01507143
10435988
01894758
07177924
00201671
10178216
07234230
00842989
05216365
05462057
05793210
05793000
00869126
05264756
04007664
00125841
07324673
00349369
00331950
00630380
02691156
03638883
00205046
06200344
02410855
02407987
02585050
00976653
04105893
02656763
01147060
01146918
01380638
00002325
02108377
04087126
02634265
13941337
05318606
06057539
07183151
01556921
00383606
02154312
02163746
00367976
02689299
01732172
02536557
00137313
05284333
05269901
00622068
00141806
00661824
00248977
05952490
05511618
05404074
02530167
02531625
02544348
09878275
00261029
05549061
01239359
00142191
04677514
01244410
00082241
01092366
01478423
00557588
05902545
00620752
00575741
00795720
01651293
06528783
00607405
00302394
01840238
00772640
05816790
01115349
05434927
00956687
05849284
01169744
01078783
14004317
00014549
05833840
00629738
05601357
00028565
00279835
04007894
03129123
00771632
05435477
00673766
01070777
00706975
05839024
02370806
02462828
14311348
01865197
02331262
02744651
03499142
00116619
06367373
05624700
01647229
01641914
05553288
05225090
03859958
01845720
05828102
02615079
01897667
00663353
00664483
00953559
05827684
13773539
01643657
02877704
05601198
00202284
05555473
02589013
01787955
06199702
00947077
01261490
06428646
14406573
14373582
02143539
02418421
00511817
05501711
05501485
07248801
14691822
01511706
02082690
02586121
01769843
10045454
09465459
00368109
00996969
00647094
01941093
02387034
02387486
02789271
03540595
03043274
13572436
02212825
07205573
05541645
01260867
00634472
05651680
01023820
00169806
00940412
06095022
10349243
07939638
00739662
00166172
01076615
00739082
04211528
01152396
02259547
10190516
05287882
05267548
00532607
00918872
00015388
05538625
10482220
05978623
02517202
00735936
02375131
01022008
06260121
01933900
00947128
00407535
01989873
01986869
01791535
00943281
05764197
00713167
05785067
05808218
15256915
05551711
02860389
05694791
05692910
00834198
00839619
05546540
05339357
01587062
05578740
00022686
04320126
00156625
00626800
01449053
00135311
05088324
00095971
05943066
10771392
02087745
00571609
02201644
00922867
08242100
00670261
03401721
00237869
00729108
00728641
01149138
10677713
07501545
00026192
00797430
00717358
00740053
05734559
04871374
01222360
01127215
04096848
06740183
06738281
10625860
05543177
01104637
00714884
10673451
06539178
08441203
00336922
13907272
07181546
02408965
01158872
01508368
00104539
01658188
01653873
01168569
01072262
00980779
10728998
10724699
02012344
10241300
00742320
00806502
04341686
04341414
01645601
00322457
00908492
03385117
01002956
05199286
13859043
00787218
01206849
05332569
05329735
05194151
05320899
05325378
02626604
11452218
06740919
07237758
08406486
07160296
04689660
04635104
04616059
02112891
02111684
00874621
00807178
10140051
00972621
00770270
00439343
10431625
00674607
01001689
02340543
01194483
04660536
01302019
08233056
02434238
15271417
00351824
05545047
01064560
07159791
04019101
03100490
00931040
01635176
00916123
02743020
01229938
02428924
10605985
00692329
00690614
00156390
01173965
05784831
06259898
01173038
00843468
05568767
05474346
10280674
00099951
02609203
00348746
01230965
05898568
14419164
07252764
00005041
04080833
02510879
00992041
00334509
01841079
07311115
05395690
05367912
07139700
00858781
05797177
05462315
01993549
01992503
02600948
05772356
13857486
00874067
06650701
08060446
07252378
01241073
10292316
01653442
00921300
06797671
02453889
01751545
05329215
00878136
07203126
01035530
00203342
03730153
01080064
10249950
00205598
06598915
10722385
00603298
00933821
07213395
05301908
01432474
00181781
02400760
10596689
00311809
05480794
05237227
14563564
01194938
01138670
00803325
07370410
00155143
05807306
00667747
00667424
00772189
09997404
07965085
00024720
00024264
01628302
02406916
00765977
05395098
05395286
04837425
07373602
07139316
00962447
00593108
00586262
02116118
02128066
00523513
01883716
00238022
05333777
01198779
01198101
00940709
10480253
00308370
01843055
00280586
09762385
01353226
02713372
09873348
02079933
01239064
01082606
05784242
05785508
00164345
03183080
00925207
00004605
15109745
04723816
00043902
01111816
09224911
01259458
00377169
00105479
00344040
05376844
00388065
01322675
07138085
05418717
01988080
10692883
10380305
05311054
00237078
02625016
05282000
07357388
02354537
02505141
05503705
05462674
10003283
04337740
01211339
05785885
05540121
01031256
10578762
10032676
02290956
01935476
04574999
00961001
01352996
04153751
05388805
01923414
03126385
01231652
03623556
01818235
00895304
02166460
00429048
02492362
04564698
07491286
06732013
05573895
05594037
00896141
00896497
06634376
07290905
05344848
00732552
05818741
00091968
14548343
02051694
00161243
07161429
09385911
01346978
05496990
01130455
01212572
00812526
01332730
07429976
00874806
04868748
01226240
14877585
02419773
10035809
00173338
02853218
03839993
00004475
05305806
05301392
00157957
02569790
00766234
02480923
00115036
03764276
10461747
04213626
03323703
04081844
05298729
13962360
13962166
01375637
02729023
08572467
02170427
00163592
00971650
06727616
05034225
05190804
01123598
01080366
02376089
00776059
03328076
05602132
01661804
01619929
00672277
00331655
00740577
05867413
05835747
15258694
00835032
01008378
02395782
01441510
02127358
01642924
00151497
00159620
08132637
09179776
00826509
04683814
02413480
00774344
07150138
02035337
00672017
05582305
05263850
05766247
00704388
00158804
02991048
02685299
05816622
00539546
00347610
04812268
10524973
10075529
11414608
00623151
00147454
03398467
05548840
05590740
07214432
02586458
00050693
00528990
01872645
02707429
00949134
05430095
06648724
00813978
07467846
02486932
05574151
10035430
06731510
05343718
05500594
05485554
04151940
13486270
00910135
02915055
05655119
00964343
13982357
02618149
02616713
04474035
06200178
02463403
02106006
03180969
02232190
05064037
13555446
02736778
06605897
01168961
07951464
02304982
00765649
07246036
05926676
10741590
08359949
00002137
00815686
10524413
10490699
00954608
00708980
05982152
10737431
01344293
03005920
04863969
00644503
01255967
06193203
00023271
05916739
00635205
00635012
02378623
00964694
01179707
05329533
01475282
05773049
05465868
15257829
02911158
05562249
05560244
07361128
01149470
00562398
10212780
10626867
02619924
01108148
00900070
04412901
10209082
07445480
05387167
05387395
02348927
09929298
09820263
05726596
05726345
00779360
00965035
05279688
00835294
06757057
02118933
05603160
00602805
05533948
05831784
00397760
05930736
10717589
01169317
02583545
06628861
13904843
01555742
06770275
05318831
04453910
01336635
04726938
13100677
04828255
01782519
05286536
04897762
02125223
05349659
00779061
01419982
03365592
01770802
10090498
01772960
14037011
02037708
00880269
02510446
05504532
01990281
07348399
05249636
13440063
07997703
00859001
01990694
04754237
00829107
01930874
00298497
09612291
05597594
00023773
10609092
05436752
06078088
01015244
06643408
02103162
01072949
00591236
09968845
00567044
09824361
00911048
01601234
02611630
07201804
05809192
05385534
04485226
04835724
01225783
01224031
02418686
05732756
00114431
04661151
00342980
02624263
00512487
02117333
04837232
09976429
06691442
07445265
10641551
09606009
00796315
01999423
01135952
04618070
04617562
04852750
08081403
01127795
00703512
10334957
00621476
07292694
09962966
10476086
00368592
02644050
01079172
00029378
00023100
06722453
05553049
07283608
05593017
05275651
10700105
15256022
05501185
05495172
15257692
05838176
00763399
03387016
05579944
01873942
01079873
04192698
05281189
05157866
08064130
07200527
07199565
01825671
01824244
01220984
02518161
05217168
07370671
07324380
10498422
05473928
00633265
10510339
01206218
01041762
10538154
01012073
01011725
01279631
10162194
01774136
01420765
01509584
00324384
09774266
00876442
10705615
02851099
04014297
04687333
04187233
00785690
00771961
00607775
00606370
00240184
00258854
07497976
05491612
05474738
10631941
00207418
15271008
03122748
02730568
03918737
00820976
01284908
04668819
05314255
00366858
00204943
06148148
02436349
00376400
00593944
09279458
10407954
00565302
06254007
10439851
05274808
06783598
07170753
00306426
02735688
02742638
00893741
01557614
01180695
01061320
07436100
05314639
10335801
01460421
04781755
05504107
05397468
13810323
04524313
13854649
01012712
06694796
00981083
00002573
03110322
14419510
10150794
00838856
05199869
15274074
10162991
00156812
00042311
02660819
02716165
03384535
05704096
01734300
05301072
05790242
00676450
05143690
00879356
10284064
00199130
00952963
01629276
13534274
13480667
08663354
01653013
04281375
04164989
03892891
14050143
02684924
00185857
02147109
00828082
01230241
00815801
05788149
15282696
01147451
01145359
01125429
05380697
09755241
10114897
05509889
01313923
00003356
02248465
10722575
06634095
10387712
00403609
02658283
07363883
05479314
07546465
07480068
01230283
13896369
01807882
06740402
00684480
01062817
05296775
01004582
14379829
00767826
00648977
05559727
02376429
01753788
04910377
02354287
02327200
01239494
01077887
00239230
13855627
05327767
00932324
00797878
02392600
02391803
13583724
02690941
04526241
11410625
01346804
04576211
03094503
13924659
02450256
05596004
05275466
10615179
10782940
09613191
00929718
01392080
00701877
13773361
10634316
10665698
06037298
03315023
06045562
05565696
13911151
01810447
01624633
05830059
02991302
05138488
00903385
09833997
00165942
00728849
01194331
01468058
01009240
10345804
01432353
15292069
02130300
01636397
05827253
02073714
02543181
05838765
13860548
02577061
05200169
00151087
05888929
01896478
02260362
05692419
05268965
00778275
02889425
04836683
14287113
09616922
02270342
05941037
00467451
05929008
00548802
02030424
03464467
01077350
01073995
00013160
02072849
05735478
01079480
10160012
00781000
01769902
01282014
04152387
02002720
02056466
03154073
03154446
01012360
01175316
07184149
07181935
07168623
02440244
02614181
05473104
02932019
00699815
02603540
05529286
00795863
07184391
05822746
05837957
05576950
05310351
00463246
00455599
02468864
10045713
05505679
00621627
03571155
00704690
00822367
01970646
05654362
09773076
01256417
14842091
00338641
00908672
03700963
00882948
06782019
01592456
00357275
04021798
03156405
01046984
05539138
01440801
01820901
10002760
05319936
06797169
04530283
02156063
00599992
06598445
02019716
03269401
13413493
00566298
02766534
00805034
00701040
00037457
01634142
05634219
05256085
01261974
02678384
03738472
07149836
02259829
10401829
15003969
05217688
10786033
05566504
01209678
04728786
02673965
00673983
01549719
01353169
05383467
06619428
05398609
05421414
05703429
01439745
08310389
02676496
01322509
07363346
05337055
04620216
04669247
01209953
00042457
02455407
02702120
06210363
09839167
00076341
01170813
01230555
02469274
02376958
00558371
05588551
13968547
02556126
03733925
07245125
14298815
14285662
05432948
05433496
06253140
01346003
01014066
10742005
10741821
01281611
00339464
07548366
07547805
00813044
06539770
05037813
01646866
05780104
03181293
00383390
00376063
05635188
03964744
00013328
01967104
02058994
07209305
00814850
05826469
10418101
02698944
05432736
09451517
09379111
00205349
00138956
01619354
00958896
05532944
02909006
10434725
01642437
00121366
00044150
05551318
02376277
00850501
09963914
05194578
00803617
07175241
02560767
06694540
14379501
09792237
04261116
00300441
01040707
06721949
02679415
03081021
02983097
05578251
02364448
09617867
05544906
07251619
05539595
01963942
07372779
00003316
01038666
00792471
14507951
07180183
02419073
00959376
01123765
03079741
00905852
07238102
02636921
01097960
05434557
05517578
10560637
00723056
01407904
05142180
11414411
05534333
00902424
02297142
05555917
00257535
02693319
08626080
02598143
14407899
05367341
09632518
05609884
13872421
06634239
03520811
01027668
06650070
02056880
02722782
02137132
04211356
00282485
00960851
07208338
00892467
07440979
09798534
09774783
00630223
04590553
01160031
05528854
02897524
07151892
01127075
01230710
00426581
14061462
14034177
04519153
02719399
06196584
07370270
05559908
00135952
01106864
13760316
05547508
07201365
14052046
05417975
01447632
05869857
05290756
00038750
02471762
02611002
02610845
05230603
05230357
05147940
14911057
05602548
03501614
01119169
01378556
09615807
00927430
02766328
05464104
02213074
15257553
01063697
05352433
01231252
05611302
00609506
06075527
05344514
04226537
06887726
05550330
13536016
05941423
00683280
01451842
00786195
00937656
05236152
02469914
01886756
00387657
07247071
05316175
01593614
09178821
00426928
02262542
02681795
01184814
02231661
05831939
05385161
00812274
00318035
04895246
01714208
00566135
01177033
02521410
10415638
05320362
01817130
05753564
07335097
02842445
14559983
13518963
03526198
03294833
05585383
04529962
10161178
10716005
07550369
10014939
02439501
04662951
05289057
13780719
05493303
00385791
01350994
06652878
15258281
01770501
05580416
02531422
01076793
02304648
05372428
01771535
05984584
05497363
07142365
01803936
07950920
02603673
02592667
05534174
02112029
02110927
00483801
02853449
02303761
05511286
06649567
01259691
03736970
00218045
01592774
05273684
00747418
02373336
05604950
01377032
02137907
01441100
01227675
03658858
00604811
13446390
02559752
05564323
05593476
05395548
03490449
13929852
10214637
15140405
15144371
00940842
00925873
00757544
07207410
05853449
09811712
02286687
07528212
00317888
10063461
05305136
10630188
05471629
02690708
02037989
04780605
02094569
09612131
01680756
09184834
01847845
10285762
13096863
00135504
00856824
01422886
00881649
05088056
01549187
00439826
05999797
05763916
09893600
04059701
13954253
01309143
05043973
05294819
01646300
01018928
00171586
00065184
00492677
15257416
00168658
01075164
01237167
03408054
04384016
01390616
00788097
01008801
10644179
00941777
14417146
05566097
03061081
00243373
06740644
00904690
01433294
00069295
00779601
03313873
01157138
05556204
01558883
05928513
08478482
01468327
01468576
01818835
05952979
00780191
07162194
02075049
14035298
02426171
02153959
01685313
05516366
05373924
02188699
05545212
05650329
05616246
10336234
01101329
07309781
05338410
05280998
07251984
02475922
05670972
05296639
00773402
05273822
00155298
05701363
00463543
00433458
00852506
06532330
00752144
05332225
02037472
01619725
05945508
08208016
00182213
05584928
01895219
02676789
10339504
02733187
01637166
05593871
07518261
05570129
01454810
00199707
01667132
05502556
02157100
08629508
09773962
10165448
05594367
02623529
02570062
05941210
05510702
01284461
00906367
03416329
00404222
13939892
07993109
05343542
15255641
02608823
05794403
08621598
02700867
05599203
02318464
05854812
14477667
05650579
03530910
07452699
01083077
13961642
04729328
00319176
01853696
01311378
05367735
10605848
00784533
00055633
00055315
00976487
09632274
00468480
09802239
02422663
13286640
06000400
07372565
10510546
07262579
01559055
14755804
11419404
04773596
04773351
00004258
01131197
05035961
00609683
00734587
00386915
07169353
07250339
01230350
02115778
00429322
05689249
04549919
00598215
05279953
01039162
03278248
08376051
00958880
06080522
00034213
00242583
02348324
03536568
04294426
02668523
00445802
01989562
02888133
00053913
00963570
04561548
05436080
13928388
04623113
05907682
05803938
03424862
05544725
00943563
01771390
05475681
02468617
05272110
05313822
03501288
06691083
00950431
10684630
00488770
02734192
00753881
00583246
00198451
00728975
02390470
10203949
02726017
05124057
01126961
05542539
02145543
06376154
05217859
05261566
01304716
03739518
05370918
05537806
07323922
00753428
00270826
13095685
04490091
00712419
07456638
07456188
07200813
05691376
05467054
01100145
05917477
00040325
00403149
10206887
10681194
01950798
05779371
00265386
00403401
05595531
06197664
07207273
02713097
01309991
00261533
10404672
04151581
01754105
00700708
05309050
04827652
00830761
05547396
01144133
00212173
00380083
05770664
01999218
15113229
01479333
00927261
00431893
05476754
05836275
00407090
01887020
02425462
05271814
00980453
05846054
03547658
05850823
02667228
00734054
10708292
06367107
05989479
01807314
00900726
04250850
07109019
02228031
08189659
04451818
04618781
14474052
05510173
00989602
05872982
00090708
05999266
07370125
01545883
00482298
15180528
05529159
01452255
10495756
05577741
00713818
04869569
10060175
02727462
05485314
00131426
04184435
00479076
00512749
05590366
02895606
00157081
00116687
05817396
08058098
01973759
14036203
02687992
00592883
03295928
05638063
11665372
05544575
00999787
09977660
00641252
01437254
04013729
05342214
13792579
02130160
10533013
04424418
05340599
01284271
02377703
02440523
00991838
06693198
02128873
02159955
02128286
07240077
05352291
03699975
05593654
05435277
13793776
09764900
07993279
05313535
02962200
05233420
05536370
07450842
05993844
00431552
00655779
00806902
05389939
00476389
00954311
10068804
06060845
05293773
10517826
05591256
10205457
00933420
04811126
00875246
05293597
00800940
05289297
04493505
07272172
09998101
04892084
04546855
01337224
10665302
01792567
02666882
00391599
10205985
15145171
01635056
14379130
01088381
07540866
05540407
00637259
06470073
01167710
05405946
03536348
02887970
01872877
01788733
05284851
04826235
00202236
05324553
05967097
08239808
03536122
00115157
00601783
05341920
01051956
04275661
00734348
01384439
01347678
14875077
01127019
03391770
00171852
02712243
06078327
07162545
10056103
02036578
00802318
02400037
00939628
10019888
00588888
15258450
00256507
01137138
02950154
14960090
05447599
03624134
00561036
02241107
01812720
02713218
05670710
13428159
05762149
08054721
03541091
05314075
03125870
09962789
01008947
01767661
05901508
00930368
05544078
04254777
15256245
05563034
01808626
01214265
02434976
04657876
10577284
05572940
02020590
05467432
05585205
05123416
02202384
05261404
00699626
00550771
08381636
