00365647
07313241
02641957
02641463
03931044
02861617
13573666
13575433
10155849
05256862
00971463
00222472
04281375
04014297
00317888
01018366
02100709
10227266
00311338
00218208
01019524
01693881
01954852
01953810
00405079
00140393
01053144
05714894
01002740
00907919
04336034
00220869
03497657
02363128
05064037
05062748
06262567
01711965
08620061
00027167
00139908
00243918
10695555
01803380
00300537
10093908
10261388
01950502
15273626
00015498
00748011
00747029
00153961
00665886
01124794
02442205
00775156
07184149
02995998
02047263
13864763
02047807
01177703
02521816
02828648
00811171
04353803
00949288
06589574
06258031
02454649
02454312
02567147
01170813
00828779
04997472
02833576
01884577
00600370
05700087
01203715
10470460
01665638
09963320
02045043
02045790
04586421
01522276
02159117
02153959
02958126
06946497
14064644
14064408
03194812
03851341
01798452
14376188
00458754
02523784
02523521
00702226
04438304
07255299
07255174
01790383
04904996
02156546
10746346
06883073
06882561
01126856
02427916
14425974
01493897
00557588
01080064
01051956
10034785
00356790
01389329
04780958
00908672
02748927
02681518
13887509
13910384
01363482
00717208
07620327
07612632
00891936
10149527
10380672
07072698
01036804
06608143
00368302
02043190
02577877
05695232
01168569
01122194
07143137
00876442
00308370
01843055
01904293
11527967
01460029
01254051
00043683
00044149
13777764
05074774
10213180
00808855
14706026
00261533
01076046
00362348
05905348
05902545
10492202
01454636
13464204
00208497
14477667
14477342
02001858
07883860
01061481
00943363
02047650
13878112
05694791
01807529
15046900
00445169
02028994
05088324
02237024
14875077
01015104
01014821
00627410
04761517
04081281
02913152
02400037
07500414
01097960
00045646
01582645
00263813
02671279
02502536
01821266
14481929
00605310
00605086
01643464
10029068
10214062
01993352
02702120
01116585
02124106
02126022
05088056
00968211
13877918
00362128
01701311
06376154
05513807
05514905
08612786
03845360
14966667
07223170
01041954
00173764
01452593
01385170
07373803
10003283
02212825
08554440
08553535
02812482
08493064
00795008
00047317
03872495
01526956
01660640
03792334
14543552
01036319
04836074
00884778
07066659
07181935
00869126
01140794
02512053
00432839
13556509
08046759
08392137
08691669
08524735
07254594
02379198
14562683
14561618
04530566
04544805
10690849
00850501
01268457
14974264
01189224
07561112
01840238
00300441
00436879
00437125
14562324
01566490
00566322
10787470
00828901
14515463
02225492
04096066
01952750
02958343
03327841
06893885
01711445
06056923
06055946
02701445
04236001
02025009
08274565
13898315
13897996
01646941
01640850
00946105
05817845
02939919
00085432
00088481
10229498
02202928
02020413
14452616
00854420
00752431
00746232
02568065
15101854
01180701
00897564
09769345
13424183
02765464
01111816
00043902
00321486
03873064
02537407
10206173
01475831
01483324
01273814
01356370
09349648
01882814
04446521
04447861
01215694
02339413
07557165
07570720
02487573
10757193
00797878
02373336
01907258
07007945
01716882
10544748
10008716
10014939
09770949
01896031
01392080
00796976
02237338
02079525
04493505
02669885
03297735
07881800
00021265
03626115
01531265
01986367
07361416
00218045
01661804
01039330
06791372
00643197
00704305
10435988
02048891
00545501
01704236
02313250
01150200
02466670
08163273
06387980
06397903
01778568
02011810
01672014
03624966
01929254
15280497
03424630
03579982
03461385
02326198
04683814
04802629
00617748
11473138
11480698
02575723
00752954
02103162
01448100
00216174
02402825
03246454
01985923
02443049
10388732
07420770
00258857
05765901
02723733
07163988
00930806
01930117
03789946
04463679
02788689
01664172
01755504
02088627
07380144
02141973
04789274
07231294
00868591
02357228
02267060
00657550
00874977
01437888
08463063
01323958
10231087
13860548
13854649
03322099
02420232
01480149
01480469
02091165
00285889
10700517
10523519
06399995
02469443
03002351
06135915
01100145
10782940
01350971
07351031
01489722
02501738
00206927
00730301
08592656
00952841
07135734
08279298
09759069
00663160
07073447
08463647
01251928
04694441
05103946
01382086
00331655
01893988
02958017
08860123
00317700
00153263
05924920
05923696
00101191
01726172
00697062
09822955
00735936
00732746
10018021
00807461
02058994
15282696
02291708
02289295
03119510
03736970
01160729
01416193
01687569
08523483
00329831
00695523
02451951
09941964
10317007
01169704
01186428
09938672
14984973
02706816
00439343
00330160
03802973
02676261
09962789
02077656
11197099
10423225
01539633
14598079
14513259
13934596
06787037
06786629
02159427
10562749
01173826
01082153
07503430
01774426
00235368
15224293
04930307
03708036
00998399
01846658
01846916
02945161
02653996
00471196
07334490
00219012
14890659
14417146
00483801
02240881
10575787
00483466
01452255
10162507
03065685
14854262
10087736
10266848
01918183
00284101
00066901
10140783
00658052
08366202
00298041
03519981
00105778
09930876
08062623
01745722
00052672
04935528
07191777
00777931
09927089
01533442
03532672
00044353
08647616
02691156
00263044
14463826
02742468
01859586
02577586
02575082
01765908
05832264
00876665
09953965
05244934
04682462
15237567
02677332
02422026
06950528
02924116
01950128
07458453
01086103
09965134
01038538
00928077
00709625
07123870
07460104
01149480
08274923
02599939
01912709
01912159
00384620
00258854
05704266
00601043
00624967
03579538
00471711
00395333
00512843
00511817
00774344
07150138
00092293
02697120
00788184
07193958
04842515
01793177
00634586
00633864
00064479
05155821
02175578
04555897
13482330
02743727
09845999
00380159
07444668
08683548
08574314
01227137
04873550
00180837
00251013
01587077
04780755
10565302
08337324
08077292
04188368
03670849
02098458
01505254
09811852
02950256
01137138
01134781
04216963
03309465
05683582
05669934
01654271
10201535
02482425
00222248
10641551
14429608
01209135
01123887
01532434
01244410
02510879
01233027
01410223
00259177
02188699
02152212
00335988
00009631
06634239
10506762
10622053
01161635
07335243
00335653
00386715
01219993
01266945
00215683
02402409
10338707
01327301
02196690
14607521
00786458
10703692
02250625
13282550
10020890
10305802
02126382
03916031
02480923
00795863
01020936
07333649
07355491
00264529
00072012
13533886
01405044
01511706
01037650
06610332
01073822
07813107
04105438
06210363
02611373
00368847
00612114
04490091
04294614
05636048
05638987
04226322
02887209
02043982
08612049
10044879
00592102
15145586
09827683
00406243
14031108
13855627
02666882
00999787
00922867
02033805
00962634
00963283
00814850
10510546
10037385
01190494
07410207
07338681
01675963
02749247
10491309
10480253
10451590
10207831
05068080
02038791
10712835
06651577
01158690
00467717
08879197
01253665
00231887
01955984
02742232
00877345
00645939
02761834
03537412
00257770
00255214
00884011
10482054
01325536
00240938
02384041
04620558
01229631
07889510
07886849
14489113
00113818
00758972
01125693
03427296
03521076
02667228
01537409
00072261
06890846
01168468
00838367
14110411
00443384
05798569
00869596
09612291
13934900
02673134
01398941
01398212
05068461
02037090
01136614
02746365
02464342
02463704
01973125
02632353
14449405
09994119
09993901
11466043
00372665
00793271
01157850
10036266
01165043
02068413
07436100
01954341
02586619
10541229
07884567
07365849
05696020
00456740
01846320
00312784
01859221
00407633
03793186
07375635
02014553
07142566
07140659
05196582
02539334
00296946
01725051
00434374
00358431
02052675
02052476
07092158
01053771
02700867
02701210
01201429
02431320
03525454
01217043
03233905
01995211
07196682
06285090
01674717
03965907
00152018
01026095
07220773
06396930
06490887
06481320
00978549
07128692
00297062
00295701
07475364
02473688
13650045
13649791
07472929
01094086
00601783
07183151
01606205
01587062
10597234
02409941
05651971
00272391
01222884
01460421
01877355
01876530
00973056
04472726
01049685
02148369
11498040
01169067
04412901
04306080
04411264
01935476
02834778
08513163
08552138
10527334
00403401
11495041
02133435
04674715
10287213
06595351
06258228
04304375
03273061
10221312
00853633
01592456
13754293
08617963
02693168
03295928
02194495
02194286
02727039
05125377
03000447
01155687
00506658
03244388
06843520
01589363
00276813
01531998
05716744
05715283
00050037
02471327
07560652
02818832
02337066
10467395
02984104
06811625
00931852
02593354
10478960
07137129
06730780
00843468
03949442
01163847
07006119
00814458
00865387
04125853
02827606
02517202
01456771
01189604
01196037
08628921
05960464
05943300
04811126
13381734
02311260
02532595
00639556
01163779
01161161
02515080
02514187
01350699
01349130
00330457
00796588
13935227
00567044
01512259
00371846
01329026
02190188
00461493
00938419
02272549
00125436
06876309
06873252
06216160
09957156
03422589
04494204
00291873
05018103
01180351
01181295
00199912
00199659
00205349
05003590
09975425
05638063
01564144
00217773
05718254
02135048
02165543
02131279
03282933
03816849
00150287
13427078
02471690
06507041
00746587
01144876
01133281
01453433
00114871
02700455
02659763
01458973
00754424
02574516
13421832
00724029
05524615
03777283
01743784
02333358
07809368
02817650
01418179
06686174
14416845
14373582
07290278
07289956
02992070
02689299
00367976
00995119
05160796
01194418
10186774
02459633
03259505
01387301
01105186
07120524
00910203
07512465
02105990
04468005
02959942
14704966
01332205
02397460
15291498
06885083
02741357
02741149
00223720
05079638
00146572
01135795
08893223
09203827
02027411
07959943
00819508
00195569
00401783
00024814
00336539
09243769
01250335
07622061
07622261
00953923
00953216
01112584
00669970
02693319
02690708
07131854
01224744
10378412
15129927
00297906
04561734
03309808
09625401
02496816
00858849
00016380
08877208
08633957
01223182
00140967
01845720
10771392
00217014
01619929
00335923
03051540
00047945
02672859
13529616
02274482
04101701
04574999
05513529
05509146
03875218
00309115
01915365
09757944
01233347
04515129
01150467
00172732
02742322
00203649
00203342
02593001
10051975
00416135
00463246
00556313
07433145
01946408
00351334
02225911
06619065
02148788
10674130
02534492
06778102
00853958
07254836
02227487
02017937
02053941
00809654
10022759
00123234
01134238
07486229
01825237
02579447
10257647
00535452
05070032
02632567
10569744
00599472
09960688
00888786
06677302
06359877
03665366
09847010
02317970
00395797
00449692
08399586
10645854
01918803
00051761
02384275
07453195
04500060
02089420
00782057
10623354
06201136
10402086
08616311
08397255
01097031
01069980
02384686
10150940
14578104
02751597
00759657
07168131
08057633
01449974
01091427
09773245
02836035
04283378
01739814
10078806
04359335
01070187
01083645
02228698
07891726
00978173
06726158
10596689
07176243
02316649
00060201
02075049
07205573
09889691
13480541
00451838
02000868
10100124
02406585
01010458
01580928
02517768
02518488
01469770
07186148
10562283
01275762
06767777
01486312
02974697
06508816
01001643
01779165
01785748
09887850
15266265
01238640
09790278
10488016
07961480
01484714
01101753
00271946
01159025
01128655
01128390
00276068
00275843
10203949
10307234
02334867
02738031
02278830
08524130
01027508
06539770
01886407
02360448
04994413
04992163
04161981
02701962
06520944
01963942
09869171
00205543
00614057
07487955
07484265
09448361
02741960
01628302
00470084
00231567
00954271
07221094
01158181
10479561
03682487
00692907
01219075
00867231
01844859
07679356
01337653
06220616
10618848
01849746
05046471
07255027
00804476
00646833
00634276
09354511
02353844
00610738
00955987
00270005
02460619
06522501
01031256
06502378
06647206
02418205
14562142
00388635
00056188
13485408
05716577
02337667
04099969
04098513
03058107
05812038
02676496
10069427
08890097
08891889
01156438
07305234
01797730
00095502
02421374
00877327
00789138
04554211
01485839
02774152
05750163
05162455
00233335
14464203
06084469
03817647
04596852
00023383
00632438
07365193
07365024
00320852
00597265
00596807
10433164
02686568
00794367
00828082
00048633
02730471
00956405
00373544
02764765
07411645
00514871
02446651
01920932
00288970
00312932
01803003
07519040
02462580
00182213
00690501
00671351
03302938
04218564
00138508
00346693
02149302
14574846
00901799
00512749
02468864
13962498
00989602
07071483
02009433
15152817
09605289
00536304
00456596
01474550
00212808
09814660
01011031
02806261
01202728
00894552
00606335
00234892
02421921
04080454
02175958
10013242
01167981
04989657
02009280
00593108
10474645
00524530
00386392
00037919
07308889
02155493
07129202
01054186
00952182
01217780
00406800
03579355
01979901
00052500
00870453
01686956
00747135
09824135
07578363
07578879
00323856
04956594
06207561
00990249
00989201
02542280
01203676
01415807
01224517
01224031
01143838
02092309
07269916
02851550
00854150
07128946
00282076
04695176
00611972
10450303
02388143
02382948
02763740
01300437
03879116
00752493
02486693
05036394
00290302
00413876
10583387
01852701
08521816
01959294
02371718
07445896
14818238
14806838
00459114
02582042
06556692
00949974
00122106
01841079
10646325
08440630
01887020
00263947
00510364
13907415
11465017
01902783
04837931
01352067
10468559
00414179
00413239
01542207
15049594
01680132
02829696
02033137
10216106
02271137
02502916
05790572
00314469
01167780
03200357
02269894
00579712
01535246
00255710
01234345
00421535
14541852
03701391
02760429
04952242
00278551
00036178
00036362
01593254
03659292
02153709
00945401
09415938
00796315
00065791
13344071
13329641
00788766
00786195
01639105
09935233
01589056
09892831
02447001
00073343
10000007
03061505
03079741
06482401
14479615
01526521
01525720
00341695
01506583
01072262
06181584
06172789
02932019
07368256
00363493
14374432
09918248
08871007
08881674
09867956
10054657
01233993
10538272
07331013
00338071
07409121
00074038
04213626
04362025
01037910
00512522
00796392
06542047
13857486
01881180
10660729
05913275
01426077
00052043
01688771
00900957
02544348
10072708
10502576
02059462
07127006
00031820
15184170
15183802
01874568
10403876
09889941
10744164
14292090
00336260
01128071
04051825
10298912
00595146
13757249
01919711
10369955
01126360
08512736
00189565
02525312
02079933
11512818
02058794
02523275
00233386
10224098
00617989
01354006
04159354
13417410
13416345
02991122
02743547
01016778
10727016
01689752
01826723
14038993
00747757
01248191
10678472
10525134
08253815
00046534
00828237
01058880
02518990
01432517
00161739
01696648
06624161
07012534
14455206
01088749
00274941
00281101
14490110
02348182
01414288
00133338
10180580
02744977
06892016
06615561
02066939
07405893
01022906
02559199
00864159
10570019
04473432
03671473
10792856
10241300
01236795
01236164
00404726
08543081
05981230
00708980
02733122
07193184
04175380
04381994
06554981
02273293
01362736
01000214
10516874
01179707
00433232
00156601
06275634
06253690
02064131
08182716
00852506
00851933
02774630
10682380
00775831
00202284
01421622
03573282
00768778
10775379
03401721
03294048
10182499
08078020
01097500
10012815
00650016
00850192
10561320
00095971
02136271
06094774
14539960
14539268
00046109
00299580
01716227
02355596
00754731
00752764
00748515
01172275
01158596
14708720
01864634
05748054
02970685
04162706
04692157
02262139
06790042
06789411
07354731
01111028
01457954
13534274
14868243
14580897
02531625
00636461
01785971
02531422
01076793
10191192
10557854
01055404
02120458
04648207
08954057
08161068
08160276
01532589
00404202
00550117
00196084
01029500
06343520
07407777
01377032
13980288
08892971
02125641
04718563
00604617
01038666
09409203
06313651
06312966
06960566
06960298
01719921
00548326
00755745
05892651
05071556
00392960
02528380
07319652
14493426
02314275
13446390
00567291
14704465
02743020
00209546
02473431
00759694
10702781
07520612
01781983
14493716
02619424
02541302
07950418
00136800
13446197
04335435
04170037
04466386
07186828
07185325
03709644
00948071
09904057
07540602
01798936
02030424
07331759
05895723
05893653
02545045
04858785
09620078
03257586
01380122
00089027
00458471
00347652
01889610
04928416
00036762
14441825
02646931
01927447
01926311
01301410
03525252
01235859
03061674
04161358
01864865
07339098
02784732
01273263
03876519
03453809
03150232
01223616
00869583
13980845
00107943
07069948
01606574
01809655
02046755
00342755
01054399
00403466
00403092
00565302
13993517
02893338
06702458
00945916
00311663
01899360
06558088
00167934
00261405
00108303
00281132
00280853
14989820
00287258
03340723
05748786
00731789
00464321
09483738
05625465
09954479
00818553
00325502
01921772
04566257
04565375
03151077
02851099
04990877
15287830
00343771
10208287
00927430
05959954
02021532
02020590
00540235
06397307
01263018
00477941
01719302
09765278
06696483
02546075
14485064
14483917
07200813
07964495
06148148
14705533
00259894
13258362
02423762
02422663
09925592
02275365
05060189
01270175
09225146
09411430
01013040
06684572
04391838
00999270
01184625
13366311
13996061
00490722
00285557
01239619
03137228
01966861
00120010
02758753
02671421
02388950
01232412
10599806
07110615
00329227
02067689
05658226
05653848
05069199
02679142
08253640
01186208
08630985
00666058
10608385
00295697
03451473
10635460
00104539
01508368
05123416
02685951
00757544
02584097
02075462
10174695
08891595
02249741
10176111
06613686
06489659
05658603
02123672
10294602
05639832
02038357
01590007
01322854
09884133
01270199
03648219
00169458
05820170
02677097
03057075
02675458
05010801
13447361
09840050
13408980
04747899
05010627
05009170
01279978
14436438
01593763
01173660
13905792
01277784
01144657
00505802
02730568
10178216
00310666
10718131
01930874
00298497
05070849
07511733
01020117
06277280
07642471
07597145
01475282
01613463
06663940
02497400
00787832
00343249
00342028
01452918
05636402
10693459
09468237
00843128
01170052
06509210
02208903
15274863
08381820
08381636
14429985
00660102
01358023
00182406
04532106
05068918
04366116
04198797
02590910
10789118
07311661
02644050
07388987
13712592
13603305
00844994
00845523
04531098
03094503
00937208
05161150
00177186
05896733
02326695
04795545
04794751
03364340
07375214
00144694
01951480
00121166
04848262
07386370
07371293
03082807
03156405
00810557
00740712
07013736
01814396
04166553
01387786
00852922
09944022
08324514
00592795
10140314
15122231
00207728
14440623
05515287
01471682
02558951
08546183
08630039
15227846
02743112
01288052
03330947
00312553
00306426
10030277
00932324
06876144
10513120
01700934
09847727
01778990
00403149
07738353
01262936
01103614
00424869
07412092
00984609
02167571
10596899
02821627
03248958
01296462
02708711
03574816
09376198
00900726
00992041
02215001
10785695
02517442
01428580
09701603
09701148
03541696
02652494
01149470
00430140
05925366
15256915
00455599
00468583
00468236
00750890
00749574
01098452
10512562
07556637
01167188
00976508
15203229
02387910
01671039
13875571
01523986
02067889
14856263
00882961
09307300
00657016
10276045
01258828
01258302
00425905
00667942
00667424
00591519
00591115
01166926
01118081
00842989
09762385
03612814
00328128
00076341
02007417
00019131
11449907
00506040
00969137
04137444
00734927
15159819
00204439
00449295
06371267
06369829
00908099
05689249
10503452
09775663
00591236
14012667
02417504
09826074
01153486
01765178
01764800
15155220
01690294
00779374
01837744
02991463
01612295
01524298
00144850
02852173
07456188
02685365
02773037
13905572
01985524
06947032
03003344
13497135
04447028
02881193
01364184
10769459
07376937
13793776
00611143
10249950
02717362
04123567
01606736
00048656
02006834
04767805
04767347
00105554
04995531
04995211
01087197
05635624
01376245
02679530
01216191
00276601
09906848
00590148
02527651
09879744
05625879
01133825
00897746
00784342
00435688
00125078
01503268
04666837
00608978
00073828
00798717
00205079
02839200
03546340
05916306
02377938
08236621
00274707
00365188
00375071
00492410
10451858
03282060
03792048
02583545
02543181
05123760
02483267
13342987
13342692
04898208
09923673
10012484
13523661
03419014
04236377
10113362
10253995
06709692
07389569
02178866
02478584
01848465
00613393
00443116
06716796
01800422
09217230
09287968
05944958
00273445
00947923
02798574
02213690
01744111
10512201
06891022
00125629
04838210
04837232
00247792
00978369
07132415
00487874
00483935
02241767
09858299
03907654
03574555
00072989
00104868
14036539
06413889
02870092
03859958
00049197
07397955
08428019
11450566
01819554
01819147
02288295
13259917
01919391
00290579
07551052
00859604
00281752
01884383
09283623
01913849
10760340
04248607
03925226
00050652
02539359
08310949
00945853
00799798
00407848
03953743
01657828
03654826
04359589
02461314
14687513
00735389
00869931
14010927
04267577
03976657
01468576
02972533
04216634
04332243
10280130
06729864
01568630
01079604
03003730
01166351
01067816
03881534
03141065
03138344
09612131
08573472
03386011
02023992
07020895
10339966
02049190
10692696
03385557
03145843
03315805
02492362
00429048
07959016
02378183
00755447
01845229
02711114
03285912
07222823
01484392
14361664
14360459
01317723
00716531
00632236
10070711
02848523
04110955
01406684
09334396
06115701
00082870
02381726
13858604
07255401
02493666
01235463
01153947
00916706
04736757
08558488
10472799
14705718
00977301
08571139
00521562
00616153
10351625
00015806
00014742
00088532
14018567
10176679
04552696
03764276
04576971
08008017
01482449
01589224
13911872
02180797
01934554
03024746
01570562
13948136
13945919
07588947
02384858
13321495
13320168
06722186
00201407
00227165
00854904
09921409
03903424
03032811
01858910
10695450
09991530
09961999
07133701
01875295
01876028
02613275
06561942
06559365
04296562
02838014
08511241
01437254
05527216
05526175
15274441
00156276
07517550
01789270
09213828
01156115
01003729
01614079
14543231
14541044
02022486
02087156
10645611
10676877
07317764
09826204
05635188
05623628
02527085
15169873
15170504
06634095
04334599
04426618
07890068
01004072
02032415
02147603
09615465
00284409
04953954
01119421
10033082
02463990
10564800
06278136
02208537
10700201
06732350
06729499
10634075
10118844
00044797
05046009
03420559
07695965
07712382
01166258
00161987
02191766
01264283
02902250
03264136
01958615
00450335
10285135
09807754
05674584
02076999
00116687
02886599
04341414
02361600
14482620
00804802
07181546
01484982
02846322
07560903
05219561
06277803
03210940
00958823
01021579
05715864
00350380
05640184
15277730
15286249
10597505
01602318
00884466
00889472
02159955
01767661
02409412
06254007
00897026
06892775
14738752
07396658
02185373
04384016
04530283
13333237
00115500
15269513
14543931
07410021
02035425
01269008
00604930
10680153
06711855
00824767
04463273
03234306
00786816
04437953
04436675
10345015
10142747
02235229
00213052
00085219
07196075
01989053
02792552
01451842
01941093
07534108
14597158
01540449
01477538
00006336
04183329
00074790
00013172
09758885
00990655
08675967
01059719
02338386
13354985
06516595
02014165
04641153
02725067
05695806
02060141
01454810
13373214
00753685
01849221
01970348
00427853
05826291
00667224
00861560
01266491
04993413
14589223
02268351
03730153
00834009
10322391
00718573
00712225
01009871
02218635
13358549
02994858
01909397
05822612
05821775
13534954
06855207
02919414
10193026
06884790
00993014
10801291
02087551
02003601
14409718
14409489
14442530
00926668
01459896
07896994
01189427
00236581
10467179
10164747
00051511
10692482
01195299
14427065
09917593
00964105
00962129
07003119
00953058
00133417
00462092
01190277
09942970
08220714
01073995
02451912
11450869
11499284
01945516
01944692
00174379
01918984
00467719
00464651
04097866
14420464
01220885
00808182
00350461
06410904
06345131
09993252
02011685
00708017
07204401
00552619
05084201
05083328
00841986
13555775
10720097
00908133
02124332
05713737
00035758
02400760
01196802
05245192
07118747
02033295
08681222
04650201
01264336
00219575
09761403
00622584
00620752
01003049
07387509
02172888
00262249
06255354
10763383
03916470
00780148
01104624
02296984
02124748
02738701
05072663
04019696
14854581
06212839
13827426
00427397
00230172
00451370
02137132
01637633
01085474
04181228
02430580
00385501
00830257
00047745
01988080
00839834
01010334
04027023
04372370
02419773
00525453
01101391
03791235
01679433
05524430
01190012
08894456
03130073
02146790
01048912
04594489
02354536
14940386
00490968
03005423
05800611
00788564
07488340
14013005
02340360
00236592
01146039
05018934
01138911
01356750
02766687
07412310
08477634
14425715
00058743
02074677
00589769
03640660
03899328
13720600
13716084
04229195
03900509
08620763
01134479
02438861
05058580
05044528
02727825
06428976
06428792
01016002
00371264
13344804
00276883
08456993
08873622
08874273
10535706
09772029
14526182
05800998
02458747
01155421
00664788
05938795
00536655
04904851
04904664
10404998
13740765
13740168
00504019
00842281
05816790
02404224
00785008
01156899
08654360
08491826
13450636
03471779
00271520
00601822
00180770
03432129
10055566
05985999
03520811
01763813
00796047
02714315
00669762
02109045
01940403
00302394
00749991
02537812
08374049
01930482
00406365
00404403
00187526
06473381
13761966
00156101
05167237
01986538
01283208
00670991
00988287
03963294
01738347
11675842
13087625
14702416
06777687
06776138
02194138
00235110
00318326
02158587
10070563
08652970
08497294
04495843
01454431
06716234
00849080
03814906
03908831
00562935
00562280
03137579
00793580
03132438
01286290
14445226
07710616
07711471
03328201
03391770
00741685
00807178
02099829
08286163
08282696
00741478
03211117
04054795
13248393
05763412
07254267
02367032
00815801
00815320
09810364
13411157
01923909
13752679
13745420
00590626
09941571
02091885
07383823
02718015
13291189
03508101
01263711
04692908
02964634
02070466
01487008
05710210
09977660
02807731
02808440
05197797
02192992
01263257
06629858
06629392
13876371
02738544
05797597
00745499
06529219
07009421
00902289
00436404
01843364
10381369
00480969
01385920
00015303
02089984
02381397
02383842
00746479
07330007
01173038
00349369
01406512
00129089
13423922
01539063
04939324
05749619
05820620
01631072
00269963
07621618
03169390
02437465
00711932
00542809
01053920
02637202
01165290
10641223
00143204
13875970
02159890
00754767
05238282
01309478
02018524
10213652
02636516
02717102
00075618
01052248
05714466
06523132
00797430
02125409
02648639
07847198
01418037
08276720
02792903
07557434
07809096
00357275
10119200
10684630
00605783
05186306
07109847
01522052
10781984
02520997
02653159
01278427
00212049
06753800
02530003
04782116
04779649
03619650
02341200
02544191
10532576
00018158
02055649
02084071
01317541
00858188
07240549
00594146
02019716
02016523
02032634
10330189
02226172
02694933
08622950
02999410
03664943
02576921
10089615
10009276
10448983
04011827
00780575
14739360
02493260
10536897
11428023
09780828
02441022
00973728
01252601
02594102
00164152
02396205
02484208
00220522
10272171
09886010
07242912
00262743
00159899
00880227
00882702
00949093
00948853
00753428
06513366
00963241
06891493
01176431
02654686
02654416
10593745
00648224
00618267
00618451
01353405
01017738
02274253
04735929
05525252
05513302
10044470
01264050
00877083
13480848
02356420
06256229
06255777
13867641
00386676
00736216
02405252
02401809
14204950
10011074
02985137
04152593
00446885
06999233
06998748
01965156
05086740
14405931
01592774
05016171
04592741
04087126
11473954
09433442
09974648
04850996
10463714
01079480
04821451
04820258
15272029
07221756
14853947
01658762
00262596
06539502
00753881
00792471
01169194
00083809
02370806
02462828
07397761
10786270
03171356
03509025
00797299
01969216
07445480
02044866
05725527
05725378
13254805
13331198
02459173
00946755
01497736
02164402
10248876
01432601
09897696
09702134
01592072
15143276
02109818
01025913
04660261
00208797
03814112
02110552
13720096
01742726
00384802
02190166
06170498
01076488
09779790
07009538
13998781
06177033
00464894
02311387
10032342
00208943
05008943
01484987
02395115
14940100
00444309
02672540
08512259
00329619
01891817
06781383
06780882
02587084
04865722
02887741
01428853
15153472
02813315
06392001
01003249
13960464
06841365
00190023
06767922
04460947
04082886
03820950
01756719
07009946
02449340
04211528
02717701
07859583
07858595
04134339
03964744
01985757
07441619
01866610
13998576
01328705
00379422
10118382
06174404
05728678
00409211
01087178
01086945
10191943
08000304
07999699
14586258
02117649
02767760
00515154
08065937
02903204
01501184
00459296
00555648
00956250
03648066
04602044
02222318
00091234
03287733
03431745
01856626
01123095
08499840
00572489
02742842
03450516
02094755
15255804
15256022
14061805
00348008
01924882
00193486
05870180
00582868
01077350
00903559
00900375
01042725
02082690
15010703
00293141
00325110
00324384
01780941
14371161
10117267
03714721
00452512
02035919
09444100
09239740
05240211
03530910
01337224
02635189
05780885
01684899
02755352
01290422
07436352
00459498
03471030
01516290
02672371
03679384
05850823
03536568
10197967
09626031
00513401
07358060
00321148
00320681
07885223
01412548
01398919
01431230
10237196
10340312
01799794
00802238
02545578
09873604
10498551
00659535
07407272
04879658
03319745
01466978
05246511
13405962
00135285
06880664
04393095
03616428
06695579
10011902
01917980
07234230
01115585
10679998
03473465
03473227
02021376
00960851
01115916
02196214
05717342
00154433
05521111
05512670
00784388
10242791
10083823
09626238
00889831
02066304
02064887
09906986
03813834
14821043
06796119
02876088
01903756
04111190
04100174
03548626
00501479
00499066
04605726
01580467
03731164
10345100
05058140
02055975
09700964
09686536
02534761
07188685
02519148
00167824
00828559
01230283
01058870
07696527
02534936
00754280
02288656
09048460
08121867
08119821
05731779
00442669
13451508
00918580
07384898
00801782
00800930
00299217
11447851
15258450
06404582
00996485
02732798
08143486
01821634
01809064
01129201
02687916
05774614
00944924
02469085
06888345
02193765
07406765
07167415
13903387
13903079
09937688
08285896
08278324
00597634
02087745
00571609
10593115
06713930
00756780
00012267
00535844
03173524
00043480
01979462
00058337
08895771
00842692
03408054
01179865
03316406
04203514
15137047
15163005
05011790
01510173
00357680
00366547
09606009
00522537
02027030
00425278
09960545
13885370
00407146
01123765
10605848
00053097
10612931
13582013
03315644
08568978
09851876
00107739
10426749
01745536
07002992
03800933
03969259
00899292
00624553
00621627
00122954
00306102
00509958
03128583
00053609
00042757
14855724
00469651
00468480
00965871
09795334
14408086
10362428
10768903
07944050
07943480
00314272
01888264
09867154
03763727
14580090
00485711
05133535
05133287
01881957
01914947
03763403
14377617
04127904
00369138
14451911
07184391
00620554
01159776
00640828
00048129
05712076
02468617
01648126
01566705
10314952
03337140
11418138
14840092
02019021
04991511
02519991
01987160
00383952
01066163
07541053
01811441
05950733
02590340
04073669
00752335
10371741
03024882
01928608
00811375
14691822
01001857
13412321
13996300
07174433
05726596
02235666
00420132
00148057
14498096
00286605
09704630
03848729
01252425
01534147
03581125
03605722
03990474
03101986
04435870
00935940
10029269
00597385
02560548
00930599
00943837
10334567
09929298
13617952
07335097
02347220
02463205
01247804
01721754
01721556
07800091
00470701
02714974
08184217
02072159
02069888
01223833
09843602
00035603
00252710
15147850
04055030
01673472
02517169
01791973
02513268
09893191
03405725
03405265
13960117
13959931
07377473
13905405
01983264
00538876
00537682
00203753
07332148
03308152
02592111
08227214
01292727
14842992
00806049
10533013
09613191
02155799
00862225
10177014
03842156
08615374
00946588
07216083
01426397
00846515
04893358
04892794
01801600
00992331
00619183
15274305
00375625
02161922
10152083
01116380
04924103
06414727
06414372
05050379
10543795
03046257
09754541
00438178
02087122
04935239
00685683
01307609
05068716
05519085
01268112
00355955
13467916
10683349
09820263
04553703
10455619
01070892
01068773
01117723
00318735
06150633
02217266
00052334
00890590
01391280
00463778
01853069
04021798
00839778
01201856
05967773
10084635
01591158
07302542
01561143
00878052
06667792
06667317
08436562
08308497
00444519
05085572
01742886
09964411
04988258
04987620
10007109
10190516
02259547
00977336
06746580
00597957
04596630
04424218
02057656
06715638
06714976
04194289
01496978
04982207
02814533
02043665
07250339
02767116
00733483
01011166
02270165
03093574
00324231
06696025
10101634
01488313
10411163
10529965
00338559
14455700
00758333
00226566
10034906
05517406
13459322
13542947
04638585
01182293
04384593
01843904
01843689
00552815
11444643
04825383
04876053
08559155
08558963
08578706
00990008
02670683
02317661
07412668
09964805
01747374
02329292
01626420
10076957
01583656
06004685
06263369
00558630
02767956
01691057
02396716
00067990
02558172
05006898
05005250
04119892
09852081
14540564
02389220
13939353
02091689
01510827
07338114
01242391
10037080
02695895
08677628
00213353
00212414
01145015
01679806
04484160
02675701
07226545
06634960
00121678
07795317
07776866
10454972
09884391
01055165
00192613
00519854
04694809
04945057
10468750
10184946
01299758
07331400
00262792
10468962
02440020
00618057
00076563
02643446
00751567
08879680
10091012
00264875
13426238
01151110
00815644
03265479
02875013
08696931
06941644
04209613
02873839
10105085
01061017
00928015
00337210
04990220
10115082
00818974
01954559
11511523
02034300
01589497
00999245
00345641
00612652
01764171
07676425
07675627
00746718
00619869
02254258
01021629
01135529
02639606
04689198
00200397
02634808
00885217
05689801
02443609
10114550
07187773
09273291
00795720
02543874
00791134
00313806
00313647
02512305
00065184
01328513
00812977
00812526
07578093
00511212
00415044
06678302
02512808
08657249
10286539
02464132
01897667
06427831
00070965
08567235
01467370
02174461
04713692
02662979
00454868
07439570
00375021
05014099
06220819
01936048
02545272
05937112
01080691
05766984
02944826
10062996
00804139
07175575
00083124
02785648
04863074
04861486
00218753
01656458
07678729
07882497
09984298
08679972
10034201
01171183
02185664
07379223
03458552
03274796
06730563
07577657
07573696
13403643
00436668
14575180
01424456
00417397
10553235
00779248
05060783
01062555
04894964
00402535
03542860
04682018
01695567
09969491
04182890
02519494
05079866
09961739
00793037
01283746
07566863
02368336
02766390
13372123
04612722
01123415
10565502
10067968
00657728
05826914
10439851
04983122
01996735
02213074
05644727
10043643
07537259
01818972
02241107
09955015
09624168
04018399
02796995
00091013
05243704
05259240
01922895
07073208
00933403
06874391
00781303
10722965
00134099
01150559
01177505
00521209
02140033
02381571
00095329
02191106
11517494
06489190
05008227
01476685
00276620
07242104
14442933
00480751
01897991
03393017
00374063
00867357
00863513
00336718
04360501
05769471
05264247
05264081
04404412
04400289
02151625
13384557
13372961
00049636
07612996
07609840
08050678
08165455
04474035
02478059
06290637
06286395
02566227
11480930
02515341
13466586
00270826
01378123
07649854
07555863
02424652
10379758
01473806
10787197
01582200
07550369
07546465
03040587
13559409
02008396
03100897
00463234
04293258
04524313
04209239
01177033
02521410
00873469
06619428
04952944
02162947
04680285
03178782
09861946
03790512
14031523
04190747
04146050
03038685
01699700
14480772
00879607
05241072
00509607
01747945
11444117
01279305
02599004
01706129
02163301
02237631
02236124
05238036
02583780
02583139
02600490
00158185
07197021
02933304
00508032
01138523
02405390
00754873
13809920
03663433
03841666
04511002
01687401
06792645
00902652
00903449
01477806
00087663
00087423
00503715
13536794
02838592
04316646
03296597
09593651
00162688
02973017
15164957
00453424
01586850
03391301
10024119
10582154
10760763
00664483
03513627
03264542
10002760
00910135
03673767
00191980
02202133
10712573
00469637
14283178
02061846
02629256
01079042
10388440
09795124
09875786
04859177
01365549
00906735
10300303
01238358
10481003
05077146
04903813
03096960
00173159
00171586
01667607
00102586
01037498
07136940
01884974
03545150
00329819
07519253
01780202
13491060
02029663
01666131
07186661
04958634
01033527
04520170
10057714
00452293
00451866
01265740
01322221
01321854
02529284
04665813
10079399
09968845
01351170
00392950
04982478
03399047
00351406
04051549
02334595
15258694
02418686
07642182
07628870
13388245
03467984
02963821
00878348
02687992
04396466
13869327
01063697
01860795
00261258
00266806
00260648
05734381
00695300
00022316
00463543
00100253
04157320
03958097
00751887
10506915
10671736
05514410
01657641
02410393
00986027
00320486
02001461
10669727
10782791
08276342
01273016
06756680
01930512
10709529
06394865
02690384
01952898
15165289
00277659
00841580
07232988
03859495
00087849
03836062
04768028
01232246
03412220
08114861
01016316
01803936
00311809
02537092
09367991
02439732
01945183
07338552
08184600
06645039
02091410
13297850
13296899
01049475
05518870
07237758
02636921
01063695
00757856
00969506
02413140
10554455
00368592
01021128
02491383
00509846
06349220
06726939
10153155
13454318
05789808
13275288
13252973
02615079
06083243
09986189
05211044
00204199
03695122
03844550
04049405
03057021
01153762
01672607
00896688
00896348
10669991
04761815
10244913
06685456
07227772
04008385
05662532
02265231
10475297
05526384
02674564
06548498
00161225
02765924
10785869
01497292
02967626
07258664
07111047
02914813
14786479
01915131
08877382
00872107
00520257
05768806
05064827
00890100
09759311
00455368
07548366
07501545
07128060
00030010
00186634
00453731
07181043
07180787
06731186
10766025
15160579
15157041
01949007
02930766
04370048
01240308
02962200
07429976
04951373
02003725
09931640
00594836
02291548
02291258
10387712
08319198
01928838
00751145
13560417
13456715
03868044
04055861
06610143
07710283
07707451
01027263
01610463
11499817
10413276
10412910
03242713
00730499
01484083
00610374
05762998
00800421
00374668
00981830
15255641
00271263
02629390
07143624
00877559
02412939
00083975
00300317
14477877
14298102
00476744
13319726
13319032
02153023
04037443
09911570
01112364
06115476
01290255
06695862
03561657
02689146
01453256
00908772
01219706
10490421
09841188
01195675
00841901
02191546
01563336
06304671
04681387
00884946
01054545
01347298
00164444
04143365
09643078
09641757
01064758
01064148
00646271
00945777
10173895
01201100
02497062
01258852
02651424
01054227
07424109
01028655
03270165
09747329
07207410
07207273
06796642
07479799
01065630
00510189
00551065
01767163
04711435
00201923
00503982
01249483
03068181
00620424
00223854
08349548
00248063
02509919
02509287
00358089
01593937
10213319
01407904
08879388
10619642
06143154
01235258
02460199
08280124
00665358
01012561
00138221
09943239
00596692
09907196
06373991
15146545
00364260
00155143
03621049
04516672
03658858
01307142
08565701
00307631
02102398
01866192
14005892
02070679
00117985
01053617
01229071
04764412
02472223
05981768
05980875
00641820
00105624
00082241
02710673
06807198
00235918
03952277
00773432
07579076
09359803
09361517
01892104
07350192
06539178
04294426
00979988
00996102
02153387
14425103
01415162
01400044
01718867
15183428
04226537
01078783
00510723
01193099
00930368
07996412
00249721
01169744
03661340
02518813
02520015
00986938
13465530
00310201
02179518
02530167
10185148
00164579
02234087
00889229
10452752
05091316
04337740
00215838
04287351
10151570
00715868
07059255
07071942
01073241
01169317
00624263
06366581
04004475
00297507
04298308
04314914
00076072
10463943
02243567
01159964
13867276
00616857
07272545
07335581
03338821
14814531
14844693
10758847
02565491
00927578
05657718
10164233
06425065
00392093
03117199
00891850
00696852
10567401
07550666
10299250
09966255
02253456
00622068
02169702
14540765
10391653
08877807
01543998
04764741
07092592
07260623
10390427
09730533
08197742
08198398
08339454
01105737
02909006
04613015
00782072
03138534
08677801
10512708
01006675
01566185
00751944
02767308
00894221
00959376
05198036
07832902
07829412
01054335
06271778
06254669
10012377
00552097
01592669
00958477
01349493
02382367
07353075
08182379
08591680
07390945
00027807
14480420
01583494
02950826
01782218
05525807
05731568
02180529
01811172
07538395
00115803
01662118
02058590
04837425
00512487
13892897
00550016
00476389
01449053
02528985
00067707
05704694
01826378
00623162
02559180
04790449
01910965
01766748
00320284
01009190
03328076
03464467
10737103
01489332
00750532
10656969
10280945
02018049
01920698
08230294
01335588
08472335
08464601
10561613
01696135
00738747
03904183
02708420
03533972
02784218
06314144
02858304
02377703
01923414
07193596
00897811
13994456
00745187
08311933
00055315
10264437
01348174
00593219
08543223
10548537
10548681
10676018
10683126
01960911
07781801
00637145
03525827
01222666
10714465
03589791
00206302
04781755
04893787
02466496
01068012
04369025
04343346
02689882
01165579
15256245
15256714
02512150
05807540
07350401
01045073
10157744
06950209
00609100
05645199
00203866
00772640
05177285
05174653
10632576
01134699
04048568
01950657
00557813
04499660
01925694
08537837
00527572
01549905
01748318
02193974
02918595
01222859
01535709
04470232
09941383
13343526
13992514
10426454
03871083
07421316
00612841
05050115
06669384
00449517
08873269
02564986
00369399
00369802
14062725
00283911
00009978
10132988
03194992
00114431
03354613
00885925
01210816
13899404
06758225
00836705
00571596
03841143
10162194
01774136
10397001
08398773
01746605
15159583
00599835
01276361
10783734
06308049
04529962
01426153
01425892
00758627
10420031
02650552
07233214
00041188
05769726
00356258
00891216
13344664
09252970
02627555
07006712
00739270
00364868
02880940
03206908
10480730
00598056
02437148
00863433
02742638
01271189
00827379
07561590
02385153
00291757
00280930
10582746
06885389
00618734
01985029
01983771
00313245
00399393
05787005
02418421
09755398
03139045
00232863
01660386
00893878
06626446
10619492
02174311
10512372
10058585
00049003
00980908
10023656
00731222
00209837
03669886
06099269
01222477
02495038
01098706
01987938
02681795
02682424
06353934
00994076
07921455
08597023
08619620
01498498
06961557
01325774
13495636
01716619
07018931
05040275
02324397
00614999
05707146
08611063
09975933
00649481
01177118
01176897
00752298
01302019
02215355
01148614
04534520
00879271
00696700
02582450
10069645
04564698
00140751
04753799
04753455
03339643
01458664
13999663
07775375
05526957
00599234
15234764
15154774
06264398
06516955
06758835
00341917
01536344
04639113
02407338
10665302
01134037
06880533
02272090
06610992
06253518
06253140
01854132
00621476
08645963
04010205
01919226
00366275
00558883
02147824
00327824
09944160
14010148
02056971
06477003
06477209
00676834
00527367
02383440
07139873
05661996
05660268
11421401
03103128
10334101
01165919
01088381
03702719
05785311
10672192
10437852
06792950
02572119
10100761
10599354
01957529
06999436
09303008
00120202
00119568
02677718
09464486
02039156
04913839
03547658
01089137
08398036
10196965
04870643
03883664
03880323
09484664
10069120
00240571
00365471
01722077
10217436
02392600
09892693
13860281
00321956
10252075
04768657
04768483
00307785
02443849
00954038
07350567
05737153
04472243
03054901
07206096
04059701
02431971
00492677
02000288
04578708
00115036
10640620
03512911
01272397
00618878
10656223
00667747
08491027
02506361
02717472
02270815
07187996
02196948
02345647
02015598
00058519
00086297
02776205
00259643
07254057
00716945
06355705
02957823
05706954
01098698
02401523
10360101
14414715
00494269
04159058
04004767
03916720
02830157
00795785
00443231
00442115
00047172
02319050
10395073
10256080
06178812
07134850
10079210
02174115
02576349
08463817
01062583
01205696
14419510
08430203
02703539
04664964
00272448
05652396
10765305
00636921
00455212
07874780
03056010
00216723
01848355
04817923
02680814
10254392
02324182
07150328
07149836
05136343
01844048
02643574
07961016
13306870
13275847
08593262
07440979
01509584
02648253
05795044
01160342
01224415
02769460
07169353
10754281
01976841
01977701
10765098
01320872
01168961
00290276
13753067
05706629
02694287
10318892
01743531
00749767
02028366
02027612
03283827
02465414
05921123
01606018
14427239
00046177
01720660
00759269
04572344
10181990
09909760
02347637
02384940
02666943
10691600
07409475
01524871
09616922
14436875
09934921
01583993
01781180
02210119
00390581
02453321
01227235
00051712
06609503
03059366
07262704
07369604
06503724
00548913
02330247
00858377
00428404
00103696
02030158
01541803
02710402
11501230
05245775
00743822
02408281
00813790
04289690
02082527
02002720
00365709
00154778
14024882
01909978
00348312
10197392
00181781
07370410
02522319
03224893
08287586
00071803
14299070
00216216
07241837
01369346
01254324
01538310
07621776
01185981
07449862
05017458
05017230
01433294
10042300
05152696
00348571
01876907
07524760
02656390
07214994
08892058
00754956
00075021
02062212
10562391
07236077
01204191
15228162
02266148
00827638
01347678
00123430
03738241
14415518
02765190
03469493
03753077
04842313
00645552
09943541
02702508
06863751
08342670
08342039
15257829
10320863
10678662
02701775
13863771
07238694
01919931
10139347
00362610
07351612
01909812
06343971
10433452
01933305
14514039
02965783
02717831
02484570
01125084
02319129
01848718
10004539
03401500
02950482
03005769
03307274
03222959
04294212
07800487
06650431
07170467
02517938
00443984
14376855
10476671
10009484
04980463
01022420
09957614
03221720
00879540
03213014
03213826
13793504
02883344
01030132
05890249
14413644
02513460
00429440
04894037
10728998
14375890
03195485
07238102
00791227
10672908
03707597
09316454
01936537
00776846
06608728
02708707
10118587
01266895
07172979
01965464
01122601
07223985
06699225
06698252
10506220
07288639
07361128
01857392
02771320
00737973
09810166
02005948
03414162
00591006
00296585
00813978
02309008
10093658
03065424
01176232
02492198
02520669
07547805
02398854
10271677
00073584
00790703
00776059
02374451
02376542
07356676
03852280
05514081
09619168
00922144
01628197
10282920
13865483
04606358
04588365
03905730
02801938
06394701
09310460
13991823
13318147
00964911
03503997
08858942
00210259
02670186
03315023
03288225
00085678
00374224
01803641
01803078
06510977
02675067
00549472
01414088
09281777
08402944
08402828
10060352
08056231
08277805
05906554
05905802
04702688
10308394
02734800
00048828
01485158
00322228
10644469
01883344
01503404
07963087
15233778
13295657
06787150
00830448
01147950
04904352
02021149
04649261
00936620
02763283
07202812
01065441
14498404
02065085
09759501
10183757
00833199
01202374
01304716
02709367
13899200
06532095
02270404
01853696
00664849
09769076
10059582
15283097
13403331
02896789
13594585
09622745
02898711
00606006
14577046
06946823
04590746
01364357
01538161
01714208
13508651
13536016
03101667
13422061
00857664
05236029
01417451
15166742
15166462
08520401
03462747
01146051
05844105
02333979
00289388
01901133
00884317
08322981
05681117
07366799
10395605
00459776
01216522
01321456
03536122
00426958
00595935
13480667
01466257
00201058
07450343
07447641
03528761
06605396
10033225
10553627
15235126
15236338
02069248
00346296
01143040
01254253
01241594
00904878
00469382
01500873
07566340
09360122
02191311
00066216
00609506
05762149
01551195
02728440
01230850
13134947
00506672
00855295
06875697
01134522
04405907
03617594
02102002
00810729
04528256
07580053
02344243
00785962
00636728
06276902
06276697
02261642
07125523
00912048
02863750
04191595
00780615
10032524
01093380
03318438
06254475
01981436
04133211
10117511
05010062
00033599
03098140
06874688
00213343
07122730
00995838
01117164
06256697
01547001
00616083
10580030
00522068
09804230
01021973
04357930
02919100
04825114
04823866
05050668
03206718
00311113
08626080
00131018
06700325
06700169
10074339
00139729
00966718
01428381
00431005
05659365
05659621
03626014
01277649
07866151
07009640
07007684
00854393
01877204
07346057
10765189
06799897
07751451
07705931
00835506
04644512
02934168
01031705
09262690
09468604
04981139
00322847
03325769
02631659
00616498
00371314
08254055
02259005
13307901
13307784
00812149
01540693
01282142
00405360
00405206
02508245
08518505
01470225
08543496
04096733
01684663
07524529
09267490
01461328
08626283
01729431
04026813
02261888
08547300
08647945
02120140
02121188
01176567
10006842
07996149
00350889
13138658
13138308
00322488
01887896
00596393
10464542
07939159
09774266
07295629
07643026
03167666
03518631
03431243
04790774
01611067
05220126
06715786
05196375
00709379
06780678
04048075
06700030
06697331
03744840
00403334
13622591
13615557
04060065
02974219
15157225
02663340
10635275
00115667
10035809
00183505
00066636
00396642
07301543
01926984
00095873
09994943
03343853
04926427
01967104
01438681
05257737
00234988
05105265
07243193
00155298
03096593
03796605
01566476
01961691
02466132
03116767
04934546
00601378
00261604
00431893
03487090
08539893
08539717
01741562
01726692
01152040
07204911
06268784
10165109
07705711
02955247
05219724
08504594
10435716
00481739
08567877
10273064
01099592
01313411
10494935
10451263
04015204
04072193
09387222
02067540
08556491
01723224
07253637
00193130
00327683
10210137
02819697
03387016
10167565
00907800
09956578
01240979
00215314
13982357
03808564
04649051
04561548
00020090
13377268
09833997
07407970
00313987
10064046
15169248
15228378
00445467
10769321
07477945
10211203
00769092
01447868
00357023
04907991
00963452
03017070
01411085
04497570
03045337
00661213
13541167
02438535
13255145
00558061
04857083
07118554
03420440
04882622
10136959
01146793
00795161
00791078
00547022
04313220
10113997
02992032
02853016
01158064
07335414
00335366
09802641
06796506
02531199
01887076
02688794
09898346
04092168
00788973
03542333
07567139
01877620
08254195
05037813
03001627
08895497
01883716
07087777
02465939
02403920
02269143
00245059
00273690
07066459
10266328
03599351
07961270
08876975
02147109
09940146
10349243
10373998
02462602
01316401
10742546
02970408
10697135
10717921
00197419
06535222
04683136
07371168
03243625
02346724
01030022
00505871
00502415
01688256
04085017
06736405
00315390
00770543
02801525
03058603
00889555
08246613
13858045
00856578
01216670
14002279
04802403
02709906
07473441
02183787
03274561
04470953
01397210
01787106
01304121
01277755
04191943
05654052
00820801
15257692
00783523
01945381
06505517
10743675
00983824
02028722
08618379
15138401
15137890
09998907
10024362
04278605
05161614
04005630
03111690
00220115
05524243
06734467
00947719
13382766
13933841
02148109
14462666
00625774
04046810
06558277
10744544
01003570
03363216
04065464
01354405
08895928
00770141
00931467
07246742
13774404
14059663
09437454
02022359
06365467
02687172
14475661
08876773
01139104
07013549
05071368
06889330
02144835
00547802
00914343
05611684
05611302
04476116
13491876
10159714
05939432
03895866
00091124
03308297
05832745
04361641
10383237
01502654
00182269
00787218
02477334
07703889
01541579
15142836
00564857
03062280
02043501
02653706
05902327
00043609
08167953
08167365
05042871
09946957
00048790
06258680
08410688
08284481
01064999
14943580
00025034
05145118
03125870
01180975
10433737
05087297
01277974
02767433
01989562
01381549
01633173
14873641
15228267
13779032
13600822
03547054
03161450
03843555
02822399
04288272
06514093
01406356
10672662
00930868
00809465
10388924
03180504
02503803
04648749
04143712
02102840
14424780
01488245
08639776
05920791
01292534
00583246
00273319
07175102
15165490
14597413
04069276
13840719
01039162
06773150
00072586
02025550
06769392
04953186
01502762
15224692
15224486
00479076
00590806
00417001
02672187
04688246
03055159
06481156
14599641
10526096
02527431
00081671
08250635
08188235
08361001
04595855
00892861
01668421
02566015
02729965
10028765
04993882
09916209
09893015
00222135
07926127
01004582
05181199
07014029
08325851
06149484
10027590
00967157
03431570
04928903
09959258
07851054
02226013
00102927
00578116
08555333
04166841
01651293
05846355
00962722
09615211
01056554
08672562
10096217
03696065
00048225
06321054
00125633
03118846
02761557
05525628
06200010
00975036
13622209
13622035
10060175
02329883
00354634
01111375
05816622
05516848
13298011
01180206
08875369
00922438
06540863
05796750
00872541
02343816
05686955
05686481
00403609
01099436
04651974
00682436
13650921
13650447
05768553
02118242
10021892
01981279
03972524
13363970
13359690
01802721
06399631
00593837
15293590
01097192
03351262
02460483
03815278
02066510
00441824
03320046
00614224
04019101
04870340
02263788
09879297
01035199
00122338
00754942
05108947
00592702
05245626
07434942
01509079
04272054
14422488
00840630
01114303
00796886
14421373
13391452
10765679
00639975
09609561
00367768
01454246
00773285
04645599
01987228
01157138
08894319
10035430
02072501
10180178
04422875
08146782
13758745
14008806
03470387
13983304
10409011
00270215
00742645
10453357
00040353
04862592
00171618
00171249
02160552
02636132
03683708
02933462
02337699
03544360
07843775
03101156
00593613
04695963
10202363
03684823
00588473
01122149
04606574
00325785
00319939
00915722
00087218
13794034
10214390
00155487
04666615
00427580
02267529
02310895
13290676
02629793
06253371
00416399
10071332
01197338
02518178
13384877
02069551
08511970
00363788
02684644
01079873
09218641
01002677
08346655
02700064
03433877
09797113
07362386
02529772
01949110
10143172
13385913
03200701
06364149
01538469
05074374
08518171
02193194
00677544
03277771
13473097
15171008
15158816
09622049
15258281
00714273
10275249
00584954
14525548
06263609
01609287
15246853
00851103
04815321
02456031
10150071
07236759
08887841
01847845
10610465
04940964
04322026
00815173
08612340
02696801
00222376
00340989
00746084
03472796
01222645
02635794
00765193
10637038
04590553
02334302
10562968
01022178
01069578
14426449
02727462
06471345
03863923
07070429
05539012
01081505
06767693
00293916
09326662
00636574
03308853
00564695
00406612
01576917
06534659
07098193
06163751
05236322
06483454
04495051
05044673
02644622
00729378
06400271
15146004
06201042
13298935
13298701
04347519
04154152
15152062
00511041
02223479
00297404
07711080
09328904
02058756
09999795
07540866
01905121
02109190
04384406
04201733
02902079
04008947
03616763
10298647
02671780
14313154
06251781
01182654
00504975
08041840
00335814
01517515
04580298
09770472
04395875
04691178
00716130
05456732
14599168
13875185
02344381
00026385
01804414
09991867
04063868
02227741
01149911
01466543
00390560
00013328
03397532
01861403
04162998
00802629
01201021
01911698
07294019
02059916
01069809
01121855
13577171
02644234
10068234
02258600
00440286
15169421
08167779
00052374
03175081
00595684
00566298
00566135
01699539
07187150
03823540
04105068
02206619
13254985
02984699
07472657
10406072
00651954
01186192
08013453
08873412
09351547
09397391
01536168
01689379
02687251
04554684
07516354
00574218
00847340
00435853
10039391
00482298
05513020
01731351
15119536
07312221
09791530
05258299
00345149
10168012
03619396
01679980
01153548
02632940
07364700
05355527
00675701
00429322
06777794
00289082
00589309
05614657
10095869
06732925
02353537
03561169
13829047
13341756
01186810
02051270
00842538
00985106
08688247
03010473
00842997
04453910
05829480
04135315
00216038
03560567
04858455
08382056
01665081
00846462
08504851
15200661
01505991
07168623
00418615
04299699
00122661
04701460
14428160
02642634
13459088
04287153
07442068
07194499
04361095
03136051
08166318
09624980
03499142
03773035
00039488
01547390
10226803
13313733
03113835
03483637
02889425
05755486
13469674
01434822
00349886
01306654
02156532
09208496
04222847
02817799
07168486
06196284
03944672
00017282
06873571
05769833
05279026
03088707
03338287
03175604
06529879
00076393
00580370
15273955
00188466
02979662
00236289
04120339
10402824
07334876
09280380
09274500
01243661
15295416
02281485
06771653
13828905
05796937
01724185
03686130
03365991
02703952
09833441
00985921
02686625
08036849
02342132
03441345
09757653
07351909
13757724
04218773
04660080
06472242
04447443
00838816
09782167
01438304
06518253
06518068
03366721
00453935
00433661
00197610
00414174
01252280
02368787
02465929
06513764
07991364
02023600
02472033
03430959
02334756
09768830
02584475
13610162
10041887
01693727
05202284
13515958
00616361
07242324
00234725
02733524
03615133
13282007
02153203
02152991
00539110
07241205
05557839
04357121
02694426
02205272
00118523
10255567
05172596
01318478
00475787
07182485
10308732
00741272
09607280
10252674
08544813
03049457
00013615
01068633
01532329
01073655
03769967
03770085
02899439
02911158
10512982
05554405
05554051
02025353
13779374
09830400
02928413
01498713
15137676
10498422
00865600
14431169
07556970
03638883
02668523
03199901
00913705
00208836
02570267
14560360
13994148
15163797
00624801
04980656
06887726
09918554
02804590
07450549
14538472
14473222
00888796
04461696
14436029
03650173
07307477
00267349
02357693
10659188
07148192
02571251
02122580
00430191
15160866
09758781
10245639
00024279
10249270
08482577
04151581
08183398
01105909
10491575
15259284
15254028
03471974
03265874
14530061
04700642
03863262
03121897
00173283
01227675
00581812
01350994
06753299
13484303
00844298
01037303
01050187
04024862
00460900
00269258
02768431
01538928
01342529
01280488
14035909
10601526
02446819
07752264
01143279
05060476
00792991
07106502
08266235
14361182
08892766
00943563
04441528
02592250
09302616
01389776
05514717
00540946
00946499
00124880
01807314
03906590
02702830
00756338
03498316
03109693
05523269
07313814
06695227
03764822
08261589
08256968
02752931
13398241
07921834
09835506
02936281
02935658
02493030
04912732
01569566
05044822
02822579
00080304
00063652
01104406
10752930
10508475
02464725
13296089
05246796
06795746
07722485
07722217
00606093
02044278
05826469
00083523
04333129
01049266
02158896
00014405
06313457
07518468
07518261
10389398
13240514
10058777
01971280
00040685
14405774
05794694
09814567
02547225
07835051
08548733
02770830
11515051
03109881
03641706
09627906
01061320
01181902
02336483
10489944
00700652
07901587
02463141
01930738
15169136
09980275
00590047
03537550
01133106
05767733
01329141
01239868
00702601
01184058
07362218
10788852
00259927
02620213
01547641
00630802
00239024
01401772
10154601
05421723
00920778
01217859
03568117
00931721
15248564
15068436
00417859
06607339
03772077
02984061
10520804
15170786
00094312
04520480
10255096
13920429
08438067
13558490
00107875
00106272
10293332
01924505
06778777
07240925
09313716
06511560
10419630
15299225
03963483
01436518
03686658
00607542
02891188
01862386
07153727
15118453
03133538
04822223
03380461
03961939
01150981
02453692
04115456
10671613
00651630
09435965
00772813
04659090
04944048
13889843
00647929
10395390
00343700
03008207
01972131
10657556
10657835
00964694
00372958
01182024
07569423
07569106
05219923
03216562
03519578
02585489
02713594
02137710
00390842
08153874
10502046
01083044
10249459
01152396
02975212
02873244
00597629
07370125
09636339
09636106
03350602
08587828
02679788
04907269
09285254
11418750
00561036
00713250
01736822
07885937
08591269
05710020
02518324
06761099
00021766
10001217
04770911
01233156
07577772
01660994
01177314
07414566
13566212
01215851
10026553
02022162
05623181
09688008
05245906
10500942
10523076
00919424
03429288
01103159
07411160
04446844
01838651
15233989
04580493
00314782
03719053
03718581
02799897
04465933
10469346
02062670
14509712
01101958
00954311
06961399
06709533
07174877
01097743
14462946
03821660
03772269
14416473
14416089
10209731
01134861
13623054
03659809
00627091
00624476
00887081
05002822
05706228
10546633
07521039
00298767
01177583
08540532
01524359
01336159
00232386
14299336
02331919
00514128
08549480
07362075
02635956
09927305
10592152
05684440
00228535
10408324
02034671
09504915
13931436
05525100
07847453
13421462
14213328
04257790
08033194
03313602
01093085
00367552
15133621
01343892
02398463
06817782
10516692
06756831
09221070
05207130
04257986
04398497
08278169
01752167
03956922
10162354
00350030
00588598
01614581
10378780
08875547
13937554
04063373
03971422
04667406
10022645
00415988
00415676
13345286
10257221
10004804
04821084
00495808
13418047
07635155
00506952
04041069
05641959
00228236
00609236
03656484
00613683
02511424
02868916
00410247
00974367
10437014
09800964
15257553
02301825
06471737
04881829
07886572
05457973
03237639
00284930
07209305
00951037
04997988
07199191
14414294
07313004
02559862
02912065
01666894
10365984
03390983
00433458
10702615
13815152
04640927
00334509
13289467
04085873
01271658
04242704
10216403
00468791
07673397
07672135
00589217
09937903
10636598
04020617
06764623
06874185
07120364
10792178
10638136
02153445
13925550
04066023
02452885
10675481
00550771
10733999
10643837
05557339
06760722
00727991
00419950
08439955
00714531
04508062
09272468
00591858
10690421
10726786
00032823
01301051
08495617
01504298
07947958
07959269
03458961
05922949
03679712
02195470
13712428
03932670
08009834
03993180
07518663
00105164
01512465
02772868
05798043
00306900
01298283
03960950
10507070
00144445
03588414
06761603
00534849
00532110
13752172
00341548
00898804
00248368
04626705
04781967
01079172
05615147
01190840
05003423
02159197
04031884
00653620
00514396
05622456
01017320
04017429
05626618
04244379
08168117
07411350
10117017
04328946
00550242
01457206
04190052
02827883
04715487
13719410
13608788
07670731
00185857
02546467
03395859
00923444
01646528
00716055
03138981
00130778
00924612
07795598
05527848
07860208
03199647
02581073
04535524
03424862
00168237
07523905
00629257
04390873
03691459
10538154
04954683
14015731
02273922
01262713
02592397
07631212
00751779
10607706
02520147
04598582
07310507
05243879
03619890
14375576
06637824
00450866
00724492
00546389
07065932
07062697
06904171
08878016
07172756
00086809
13314936
13308999
13505987
10208189
04842993
04440749
13409647
13409160
00298161
03562126
00594374
14755804
08382297
10700105
04263760
09937489
00712419
03042697
03700963
00066397
00475996
03613592
04240576
13554343
10661563
09366017
00420477
03033362
00802136
00038262
06478582
02685665
00804002
05701738
02715513
09863339
13941125
05824739
02209499
13246662
13246475
09758173
05708432
00290406
07205946
00499642
10393909
10613387
06264176
04879340
06185748
05644922
02665282
01225461
09430771
06169285
10003120
08311687
13408023
05723417
02690093
02914991
03134015
13983147
04950126
01910373
07556872
07596684
10762064
01058049
07503260
14493145
14488317
10753182
04032242
00084371
05786655
07246582
07678193
07677593
09607630
00514658
02190632
00220023
04120842
00735571
00220461
05098942
00124442
10032676
04305323
01966706
10644598
02922159
13889602
13493998
05187446
08569165
00764222
02261386
01531742
03457686
14052403
08549733
05833252
03142679
01259005
10311021
00388210
02759963
04341133
04329477
10638385
07590611
00307314
06478734
06797169
09865954
10215623
05994935
04516874
05640433
00897989
02023341
03781787
02241621
03757723
09637512
05638778
00759501
04585456
10102369
00944449
00333366
08252602
07913081
13286801
00817680
03163222
02536329
10548227
05331404
07810907
04651784
03566329
13766896
00461354
04878861
07620485
03777126
04751305
14868564
03238131
04874672
10607933
00874621
07539511
08325530
07575510
15167027
01500082
10013614
02688443
10419472
15290337
01349318
00264366
06364641
01789386
03357376
03430091
08874469
01263479
05639651
02744323
15160418
04751098
02212646
02155248
07889814
03470222
15167906
13325382
08431721
04413969
00784727
02894605
02466111
06338908
08049125
04550426
05715150
01276970
07710007
15290132
07573241
07573103
00730538
13408641
07319103
00208210
06003682
13315077
13926932
13925752
04497005
07634901
06768735
03502509
04188064
05554804
04339291
05382729
07979425
02371811
08367100
10184822
05695554
07301336
01567133
05846932
03479397
13252062
04392764
15222686
08437968
08437515
07618871
15244351
15242955
06596179
06047430
00962567
04881623
07572957
07869937
13756125
07039478
08453464
01118614
05616786
06513953
01321579
02880008
04314522
03697109
13390857
07432973
00692143
08278924
01164273
10756641
03459775
03191776
09942871
06200741
10064229
01527271
00479734
08347206
05219297
03984381
13359941
01971094
04709253
01419473
10560352
04577293
07939382
00211776
00645771
04657876
06610436
13618180
08626522
06650701
01661818
01560984
00555447
00510922
10324357
08638260
07620145
10539715
07965937
11507321
07677860
02129709
01024392
04585745
10191001
03101796
05136150
10034614
01087740
03078287
03040836
07674749
09873348
04217546
03352961
07459642
08293982
15257416
13393427
07161429
04405540
03891051
02391803
00165178
05552607
05553049
01015244
06648207
00909363
07539367
00114095
01871680
00226618
04840981
10090498
02248465
05888929
10706812
01020005
10369528
09424489
09190918
10225219
06161718
05464104
05229622
13968547
00024720
08664443
01494310
05978159
01629958
05563770
05560244
01549420
06428216
09626589
02154508
00831651
10786033
06711159
06710546
02298471
00082081
00911350
10335246
01261712
00242808
06196584
06193203
13844212
02724417
05808218
05511618
05388805
01865197
05147940
02584981
01129977
02466134
02556126
00690614
06208751
01821423
05682950
02118933
05818741
01813499
05829782
02251743
02284803
03575240
02340543
01222360
02318464
02257767
05696425
01705257
07180570
02494356
00348746
00235435
05385161
02387034
10722385
00261029
00205046
00032613
00031921
14421139
00713167
00764902
01026262
05775407
00917772
00827730
01214171
04800359
04723816
00041899
00030358
00070816
07289014
01156834
01197980
01662771
01659248
02657219
02700104
00973077
00952963
06643408
00820976
05996646
00599992
06686736
00803815
02428924
08310389
01476483
02451370
07528212
01812324
03894379
02467662
07176682
07175241
00967625
08055150
10383816
00710005
01782432
10240082
05917477
01642924
15267536
02609764
14000403
09777353
00681429
00874806
02260085
01091905
05564590
05373790
07348399
01990281
01041762
05978623
04320126
00022686
02023107
13911151
13870805
08108972
08110373
11498203
11458624
04321534
03748886
00004227
00001740
00418903
02574205
01021420
06511874
05732756
00654625
05481095
05343542
00279835
01835496
03257343
01735308
00980453
00940842
04668819
04616059
02549847
02549581
01666717
01640550
00004605
00105333
05474346
05473928
05833840
01637166
00592883
14411981
09786922
01462005
00550282
04754440
00692329
00002137
05559908
05225090
01794668
10296618
02354287
02464693
00612160
00084230
00875394
01010118
00594058
07554856
10292316
10284064
05761380
05760202
13986679
01816431
02290956
05142641
00829107
01323449
05595083
06057539
01796346
07528470
01649999
01767949
01008801
01346804
00146138
00660971
00355547
00354884
02938886
03699975
01698271
00929718
09792237
05217168
01762839
00802318
10763245
10630188
01080366
00029378
05600637
05602548
03674440
02622234
08107499
07992450
00359614
01456463
01439190
01082454
06000644
10301261
00888009
00886281
00082308
03075768
00141806
00663353
01326291
00017222
05035961
00873603
06613056
10564224
02400378
00042311
01590747
00173338
01133876
01372049
05541645
05276860
07324673
00125841
00838098
00510050
00839619
01184814
02372605
00570590
00186616
02469914
01886756
00833702
00893955
03600977
02660147
01672168
08434259
02679415
02324478
01101329
01094725
01549187
01770802
01548193
02513269
14420954
14418395
00003553
00367685
01116026
01113068
00831191
00835267
00654885
00380083
01462468
05032565
05029706
09901143
13365286
13331778
02806907
05765415
00037457
06060845
01623967
10595647
02121511
14286549
14298815
01783158
01781478
02326355
01315613
09862345
02656763
05298729
02169352
00879759
04630689
00859153
00727791
06763681
05999797
02304982
06593099
07942152
00451461
02796412
02796623
00583990
02504131
07747455
09429387
01072236
00407535
00697589
00162632
00947077
05124057
07373602
00243124
05432948
05434557
05329735
05327767
00923995
01617192
01804961
10461424
00007347
01194938
00126264
10191613
00360650
00042457
14006945
01548718
06428646
05703429
00732552
02108791
01827858
10677713
00164816
10056103
00484166
00210518
06757057
00835294
01458302
05470189
01621555
02501278
01195867
00426581
02179279
04831727
04840011
03050026
03122748
05442131
09224911
01156112
02533313
10752480
07450651
02490877
00947439
07230502
10336234
10791221
01384439
01014066
09798534
06740919
00779061
01062817
15003969
07325190
01628449
06782680
00633443
00586262
01088923
02245993
02244956
00958896
10407726
09984659
14842091
02207206
02323286
05220461
01797051
13989280
05534333
01639714
05633385
05034225
05190804
01932973
13954253
00726300
01815185
14445749
09902954
03967942
01422886
01754737
00359238
03082979
06128570
05553288
00953559
01092366
13814041
10332385
03081021
02621395
00115157
02560767
02367363
01110274
00360143
01321002
05788149
00698855
02354537
01090446
00756331
00837288
00169651
00109660
02432530
01136519
01364008
01364162
01815628
01800349
01651444
00377169
01259691
07252764
06691442
00940412
01634424
01638368
00588998
10518349
13558696
01198307
08441203
00290740
00351638
00941974
01313923
01292885
07985223
07443761
06782019
01027668
02376089
01090335
10665698
00607405
01933900
01142519
10227985
07251984
05318831
05324553
00390215
03161725
01127245
01127019
04748836
02666239
07496463
07494363
00608808
05786372
04892084
02270342
00849357
06066555
09868270
13904843
01279631
04762355
00625393
00623151
03673971
01285440
01899262
01996574
10703905
02495922
01870889
00766234
03735637
01570403
04620216
01233397
02612762
05491612
05474738
05549830
02578008
05784831
02166460
02338975
10681557
02610628
06389230
01284271
01339505
00372013
05558717
00896141
00896497
00145218
01069391
10280674
01369663
00956131
08663354
08510666
00191142
00037396
02410855
02413480
00560893
00358931
00180413
00719231
10510339
00632627
00386915
01552519
05928513
00938247
01686439
10461747
02536557
07126734
01046932
00422090
01900150
00212173
05891783
05559727
05570129
02137907
05131283
01974062
00883611
02258291
05462057
05585383
01106808
10490699
00954608
09279458
00918872
02395782
01650610
00643250
01685313
04812268
05602132
13532886
13526110
02729023
08572467
10162991
02440244
05535484
05536370
05280365
05434927
13413493
00695226
05943066
05941423
01507134
08082236
07965085
00630026
06158346
02230772
00742320
01017987
01995549
03005920
02645007
05121418
11414608
00701040
00043411
06095022
00359903
11412727
11410625
13518963
04897762
02080577
04792127
00908351
07252206
02560164
01761706
14037011
01311378
03302121
07214432
02128066
04849241
00941777
00908492
00363260
00351485
01332730
04151940
04693384
01210737
01206218
01015866
06685198
01275562
02500884
00882948
00856824
01241331
00904690
01545883
02604760
05831939
01789514
14445379
13920835
04836683
02406916
06806469
00836236
05576194
09612848
05311054
05317354
05496990
05299927
14311348
14299637
00644503
00635850
00588221
00532892
01024190
06766190
01771535
00026192
05593017
05275651
05545047
05542893
01109467
02257370
05945642
04631067
10418841
00766418
00745637
00745005
10794014
05200169
00875141
06671637
14322699
00065070
00368109
13989051
02460502
00631391
07139700
06252138
01685601
01104637
01059123
07296428
14485526
01009240
00055539
00055142
00841628
01191838
03055809
00612612
00023271
01209678
02127613
00987071
01001294
00906367
00642098
06004067
00116376
00327031
00006484
00355252
05869584
05867413
00964343
06193727
05495172
05605192
05075602
01711749
02293321
10001058
00280586
01850315
03269401
04413151
09831962
00007846
00712135
09887034
01260867
01380638
01354673
01057200
02625016
02200686
10025730
01293389
07988857
00548802
02231661
00209943
00352826
07252378
00765649
00112997
01231252
07514345
07513508
10160012
01209953
05566504
01904930
00283568
01311103
10012989
10721470
04254777
03540267
06206800
13570574
00256507
10421956
04833276
00682230
00240293
05090441
00148978
02439501
01802219
00239910
01016832
00939277
01082606
01239064
02578510
04846770
05565696
09629065
09628382
02167052
01374582
00595630
05785067
05579944
07515790
01765392
08060446
02425913
00211110
07199565
00815686
04759849
00013160
04782878
00644839
05343718
05333777
06740644
00034213
00029677
00210797
01557774
01370590
02035337
09623038
01440801
01817500
05166805
00835903
06756407
07951464
09469285
00015388
08063446
08059870
09774783
00876332
06367373
00116619
02981759
00883297
00253761
00171852
01697816
00482473
10160412
00055871
00315986
01435380
05849284
02697950
00661824
00662182
10102800
00054628
01632411
06740183
00896803
02453889
06400510
05128519
00874067
02553697
05314255
05492259
02308741
10670310
01002956
05468849
05469032
03722007
00921738
00140652
00127531
00227507
08482271
08199025
06037298
09855630
00661091
00657604
01635176
01629276
02540670
10583250
05479314
00779601
15274074
02376429
01022008
00770437
00156390
00019792
09821253
05305614
05297523
07993109
02665803
01792567
05830059
04626280
00853776
02515214
02513740
00258665
00376400
09632518
01894758
01895630
10686313
01814815
05342214
00776523
04687333
00689205
00539546
00835032
13440063
01041111
00886978
01661243
01654628
00205885
00668099
01806505
00190999
14841267
06398401
05563266
05578095
00506299
07283608
02518161
04910377
01240210
00433778
00151689
02554922
00879356
01076615
01211699
00651991
05418717
02261464
06741099
00575741
02407987
01549291
02037272
05475681
00588888
05503705
05380697
00261705
03932203
13859043
07491981
07491708
02586121
05194043
00019448
02539788
01129532
10399299
00903385
05395548
05395286
04673965
00199130
00142191
03384535
01761120
01212572
13524925
13455487
13247554
13244109
05548840
01239359
02294179
01085098
04693900
01309143
01647229
01641914
01130169
01128193
00598954
05540121
05230603
02589576
00798245
02376277
02106506
02868326
13278375
01999423
01999218
01955508
01950798
01241767
00908909
07938773
00031264
02820210
05313535
00662589
00584367
00582388
04544979
01882170
00112312
01447632
01089483
01775535
01459422
13940456
02397637
00887463
13253612
13253255
05501185
05500992
00607780
10483890
01881696
00685638
04863969
00442267
14481080
05532795
05328867
05802185
00637259
00143251
00230276
00071178
00421437
00081836
00081572
01474513
01612053
00680841
05305806
00061290
01955127
14578471
00803325
00955148
00928630
00119074
05748285
02486932
06733939
07208338
07160883
00043195
01637982
02242464
01636397
08420278
08054721
06740402
01646866
09184975
00765977
02284951
13299651
05651399
00610010
00988028
01981699
00431552
00426928
14287113
01322675
10080869
10399491
00604576
00040152
05784242
00628491
01830946
01035530
00805376
03093792
00240131
02309341
02116118
00245457
00050693
04637923
11083656
02551602
06136258
02475922
02128286
04826771
00784533
10724699
01822936
07505047
07326557
07323922
00905399
11415084
05849040
00156625
02585050
02138659
04677514
07170753
13365698
02217695
02375131
00813044
02107248
01282014
04729328
01012712
00630380
05785508
05250659
05254197
13932421
02343056
02787772
13489037
00094460
01844431
01640855
00035189
00686447
02199590
02733187
05395690
02163746
00880269
01207609
02555434
05541231
05232691
05804491
05803379
05838176
00699815
00495998
02428487
00834198
02036578
01818835
01818235
05634219
01634142
03129123
00494907
00150202
05300231
05299178
00583461
10631941
01478002
02373015
00419644
00418025
07974025
02333225
15266911
02150948
02129289
06684383
06598915
02623529
11665372
01631534
07121361
13367070
02281093
00431826
13470491
05461816
05237227
05578442
02713097
13504173
05704096
02170427
00773402
02567519
02589013
00878636
02171039
10165448
06694540
06693198
14412882
01194238
04016240
04016576
07160296
07160116
01506157
02554647
00237078
00404642
00900070
00899927
14315192
00916909
10474446
02122164
14331873
02291843
01190948
04910973
01808626
01808769
01333301
10555679
09781504
00562398
02448185
08008335
00123170
02327200
00411020
05216365
02472293
02507736
03247620
14778436
01310660
10577284
05436752
08459252
02853218
03839993
02343595
01635056
05946687
00683280
01658188
05289861
05459769
05585665
01878466
01871979
02530861
07544647
04946553
04916342
00925873
00402130
10205985
09610660
05320362
02698944
05217859
10549510
10522759
09476521
04202417
02325968
02766534
02260362
10309896
14324274
00927049
00672433
10150794
08101410
08550076
08651247
00157081
02385634
02408965
00044150
00282050
07211752
07208708
10789963
01256600
00660571
01181475
01821996
00024264
07201804
00989084
04827652
04850589
00739340
05570839
05289297
01001689
00199707
01667132
05284851
05269901
00137313
00939035
06765044
00185104
00044673
00696189
00644583
05493303
01560731
05480794
13961642
04850117
13792579
01212519
00895304
07285403
00121046
09769636
01666327
10584318
04662951
01194483
05827253
01759326
05736149
08053576
10756433
01635432
15145171
00248026
09608709
10138767
02436349
01211019
00907930
00972621
00955060
02548710
10671898
01012360
01089878
00064095
01813884
00648977
05837957
02603540
05529286
02730135
02635659
07246036
07245125
03746574
02749778
02607909
14007546
05702726
14412725
01350449
01375637
00914632
01629000
02468793
13810323
02950154
01644050
00238527
01631830
05919866
02991302
02685299
09608002
01261974
01977155
05677952
02102484
02103481
00608502
00650353
09614684
01129876
00949134
00947128
00611256
01028748
10720453
00611802
00715074
01253060
05485314
00658082
10776339
09631463
02451113
00240184
01642437
13929852
01643657
00609683
02624263
01148283
00999817
00699626
01069190
00868910
00926472
05225602
05540513
05545212
05761918
02662297
13792692
01098869
05285623
05286536
05624700
00723056
00722232
01769902
01013434
02399331
01230965
01019372
00958334
05199869
05199286
09985279
02658283
02519555
00004475
02614181
01323355
00950431
10524973
06749881
00090186
14285662
05813229
01775164
01970826
09952163
01647867
00748282
00740577
01820302
01072072
02566528
02510446
00894738
00635205
01680756
01686132
05930736
02712243
01777817
09771435
01898129
13812607
10235549
05462315
05504532
01463963
00713818
05318606
07423365
02626604
00021939
02684924
09178821
00023773
00958880
01872645
13941337
02634265
01588493
07270179
00634472
07975026
03563967
10401639
02734192
06075527
07042735
07050619
04618781
04869569
00163779
05786184
00704388
02418872
00763399
01644522
05868477
07248801
00976653
05138488
03100490
04905188
07553964
00283127
05444324
00981083
06732013
02387486
06364329
02661252
05675130
01126961
13583724
07048000
07037465
01115162
00607775
00101779
02274299
00789534
00898518
05568767
05993844
05989479
07527352
00079398
00773814
00859325
00739662
00905677
06552639
05806623
05908520
00707956
01824244
01825671
02143539
01238424
00991838
04999741
04660536
07212424
07212190
01149494
00199309
01796800
01796519
10509161
13955461
00744758
05555688
01096454
00908621
06346681
06346461
09882007
09882716
02255462
00432683
05111835
00056334
00849982
06367107
07534430
01797347
04922113
00322457
15140405
15144371
07963987
07963711
06013741
01834304
06037666
00559102
11452218
01620854
02842445
06171040
01206553
01206153
01968569
07370671
05599617
05805475
05804793
05755883
05752544
02346895
00674607
02541509
09622302
02210855
09764201
00996969
07151892
07151380
00428270
10522035
02145543
05822746
02504562
02506546
00040962
13928668
05650579
00284798
10634316
02556817
01215168
01095218
01753788
01668603
00165942
00014549
05693919
05854150
04999401
05734559
13760316
13576355
04773596
01213886
01071411
00872886
01118449
00964569
13969700
01183573
04876985
10434725
05559256
00131426
00096343
02550868
01771390
00670261
10066732
08164585
01127623
10592397
03385117
01896478
03721797
00603298
03740161
13773539
02349212
02128653
10633450
01072780
02106006
01567275
05601198
02877704
01363648
01906322
06549661
00802946
00278810
01201089
02872333
04099175
07290905
00149262
01344293
01012073
01011725
00900581
01619725
01724459
01619354
00772189
07532440
10296832
10752093
09802050
01319874
13989863
10077593
01981036
02055062
06528783
06472025
00948206
01627947
00545557
13988663
13572436
02942769
02247977
00045907
02286204
02550296
01429349
07452348
07450842
13970764
00294884
01058574
06762711
05562249
05573895
03779370
01744611
02511551
03201208
00038849
07535670
04164989
00611433
05344514
05309725
08660339
14379829
00345761
05761559
00631737
04806804
05142180
13773361
02220461
03377582
00455348
00940709
06762380
01113867
02260770
01198101
00196485
02123812
02618149
00730052
00081725
10707233
03728811
02161432
05753564
09802239
10524223
00694068
01226240
01284461
10737431
01590171
05314639
05651680
00664110
00838856
00907147
05544575
10670668
01123148
10090020
09609232
01492052
14419164
10309347
00252019
07138915
00689344
01249315
07355887
00441445
01645601
09633969
06687178
00806502
02735897
00378985
00394813
00772967
00002684
00001930
10592595
10745894
06648724
01732172
10212780
01191645
00672017
06528992
03485997
01224001
01295275
01070102
01627355
00611481
06741305
00893741
00069879
00064643
05313822
05314919
00912960
02157100
00877127
00876874
02444662
01139194
07340249
00169806
00205891
04792357
02107588
05776212
02551832
10553805
02766328
00070641
05509889
08402442
15265518
02608347
04485226
15109745
00020827
04852750
04852088
03335030
10773394
00224901
00362355
02331262
00522751
01336635
02887970
03597469
00851239
01261490
00931040
01089778
01086081
04007664
03183080
00064889
07286905
01822248
02655135
02577061
01180695
04683453
00164345
01083077
07487695
01762283
10251779
00602255
01340439
00147595
10729175
08419163
01207951
00644967
02426395
13962166
10107303
02150510
05112609
02335828
00583239
01769843
01712704
08058098
09465459
01385458
00489837
01074650
05999266
05809192
05840650
04735233
05511286
00657260
00198451
01633343
00844254
01723690
06157326
03733925
05305136
05240850
01432474
05302499
01198779
03571155
00971650
01989873
00387657
00383390
06757891
00774107
08406486
02427103
00781000
05051896
08624656
08621598
13085864
00634906
10578762
00003316
00836788
05273822
05546383
13969243
00483181
08103457
05501485
01123598
05544906
07417043
00485609
06633692
06628861
10423589
07467846
10716005
02563860
03017922
00190115
09877587
02869563
04576211
01107932
08189659
09629752
10583916
10351874
03281145
01321230
07414740
05367912
00834259
05264756
06880249
04203705
03211789
01640207
00933566
00924825
01653442
07452841
04231693
02348568
00770270
02169891
01120069
00606370
00892467
01121690
05229990
04451473
04877421
01298931
01762528
01555742
14757848
05277728
13971561
05445668
02285629
01820901
01221790
01228877
06333653
01170962
02379528
10425946
02603699
05289057
05267548
02219094
02642814
05367341
01828736
00422551
01023820
01787955
04841358
00638981
02469274
04906273
02542795
05544725
07286368
00871942
00516086
02760116
05591256
03533486
01656788
05541872
13987423
09930257
07480068
00113113
01447257
05301072
05301392
01516071
06372095
10075529
07213395
07491038
01205827
01202904
00411009
00050195
02728784
09912995
10412055
05576573
02034986
14422179
01647672
03154073
06551784
06479665
05502556
05303402
01557614
00556193
01247647
00904046
00093483
04546855
02734217
02219940
10466198
01751545
01708676
00430370
10045454
01096497
01725712
07480896
04733640
00344125
01309701
05256085
05254795
05658826
01556921
13089631
01127215
05593654
14452294
04829550
14050143
00486018
07291312
01348530
00696518
00077419
01193721
13580723
01111016
02099019
01057759
00926702
05426989
00594621
09179776
01613239
01119169
02131072
00484892
00655779
00900616
01053207
01051331
13989627
00342980
14548343
00091968
00882159
09962966
10476086
01189282
05237755
09257949
00787465
02608823
03180969
05194578
01120448
00806314
04734885
05770664
02609203
04033995
04250026
13549672
00905852
02286687
09801864
00272878
00192051
05827684
05816287
01721169
00672277
00339934
07314277
04713332
04712735
01867502
00829761
10058411
07423001
04761212
04760771
05455912
05430628
07495327
00602805
07521674
07300960
00429968
01246579
00956687
06748969
06722453
00503164
01904845
13458571
07565259
02389346
02298160
00140123
07150850
06260121
05543917
00812580
07140978
05537576
09304750
00069295
00927017
01259458
05616246
00084562
00497705
07510625
09621545
02238085
05804274
05233420
00728849
05705184
01157517
04669247
07526757
07939638
05952979
07138085
07366289
05385534
01912893
01215392
05171045
01604696
05329215
07177924
06770275
05510702
05556943
05154908
00598215
07409592
00043765
13954818
01215902
01023259
07324380
00923321
01463965
07313636
02551144
05537806
02713218
09979589
00826509
00596644
05984584
00961329
10428004
10560637
06783598
02735418
05339357
02547586
04713428
09848489
02374914
02727883
01070777
10658304
01702514
00394610
00391599
02897524
10264219
05473104
00740053
04519536
01093172
02232190
05228020
05835747
01996377
01165692
01146576
10483530
00959731
01084637
00933821
01432353
00652346
04096848
00763901
05692419
05793000
02112891
02111684
10059162
06063588
06045562
13279262
06470073
00666510
05869857
10351281
00739082
05770926
05485554
05340795
00760956
09624559
05332225
03906997
09979321
01158872
00079018
01178565
01182709
02982790
05433496
07543288
05790242
00676450
10421470
08081403
00523513
05168261
05773923
05772356
10626867
00248977
02301502
04080833
02895606
13575869
00033615
00351963
05148699
05495981
10279018
05372428
10261041
00094001
05320899
01008378
07291794
05789432
05551711
07357388
07359599
09824361
09617867
08419562
00911562
00656576
02569130
14451349
10717589
00151497
01994442
00053913
02125223
05598147
04184095
13580415
02669789
00849788
00849332
10256537
05236152
01042531
00941990
05315095
05327134
00045250
07050177
01970646
00558371
06547059
11567411
00684480
09821831
00476819
00067274
00121366
09812338
09614315
14004317
09609871
05597594
07976936
00779360
00100543
01754576
07997703
00688377
05549061
01366718
01363613
02051694
05280998
02446164
00094240
00903711
00483146
07941170
00927261
05195362
00924431
00923793
07203126
01722447
02332999
02302817
10495555
08111157
01731031
05828263
02726017
00248659
00532607
00932624
00925207
06767035
04871720
05810948
00090779
00918312
08103777
08106934
00940384
08401554
05833371
00829378
02979722
05143690
06727616
03038281
03323703
05397468
02851001
01151097
05473735
02699141
02130160
01046984
01474209
01992503
07272172
01029852
02144644
02479990
10018861
01772960
06199702
10786517
15047313
10741821
01999798
00543233
13872421
13864965
10407954
01369758
09979072
00339464
07423560
00352558
10438172
00002325
02471762
02064745
00721098
07514968
05610008
05249636
01150938
09784443
00156812
10681194
02619924
05194151
05117660
05093890
04895246
04847991
07536870
01743217
05532225
02306462
00593944
09630641
10708454
03110322
00002573
01738774
00027705
05294606
05849789
00301187
01282545
00429060
02056880
07537068
00364479
07109196
07109019
04599396
00788097
06373747
02621853
01734300
01237167
10743124
01627965
00922327
10624540
01906823
05567217
07151122
03045074
06420781
08648322
01563005
06043075
00250259
05604535
09939313
00991151
00678010
01667304
05615500
05614175
07121157
00913065
06687701
06687358
03892891
00920336
05301908
02463403
01989669
05497363
06552984
05293597
05546540
05547508
02154312
10271216
06763273
01020934
01220984
00381680
00376063
09885145
00244625
05386845
10466918
07490713
01127795
06773976
09928451
00590518
00589624
01322509
10399130
02316304
02110220
05758059
07319909
00528990
01027379
06742426
01921204
02440523
06750154
05755156
13777344
01049462
01782519
00638585
05556204
01544692
05405554
00822367
00686890
00645415
01741446
00916464
10355449
05705355
00797697
05538625
07201365
00061598
05701363
02707429
05601758
02630189
00704690
04250850
10053808
10689564
06226057
01096245
05766247
00721437
02747709
01105259
00252990
00056930
00042541
00732960
02537960
10605985
13809207
05467054
05467432
05864177
07969695
07950920
02115778
01873942
05829342
01211098
01226215
00765213
09800249
02455407
00931453
01895219
02561332
13956488
04726938
02743261
00075135
07203696
10214637
05609884
01230710
02671880
02667900
00385791
00383606
00880662
00046522
03748162
04868748
01796582
02611630
00136991
00976365
00975902
10099375
07208930
09773962
01478423
01074694
01653873
01085793
10728624
05281189
00062451
07309781
00332835
02031158
00099951
02230056
02128873
01115349
02550460
02528163
01209220
13331634
02202384
05465868
05478336
05476256
05765159
05701944
04519153
00388065
07311115
10415638
13913566
13860793
02915055
02952275
00084738
05779371
07209965
05779712
07372565
05474976
00747418
00893167
07529563
00170844
00059552
04081844
13503908
09849598
07292694
01108753
13095685
13086908
00607114
01770501
14403282
05584928
05272110
04828255
05845140
05544432
07339329
07373277
01740892
06743362
05338410
01355326
02130300
05462674
02598211
00232542
10126177
03953020
08436759
00789906
08069878
00257269
02945820
10590339
01062997
04898437
01394464
01990694
01108148
05138208
00239230
02426171
10431625
00249501
05341920
00040325
05702275
02224055
00767826
05538016
14446161
05750657
01131043
01624633
10363913
07202579
02204692
00011757
00965035
06681551
13864153
07218470
00038750
09764900
03303965
06598445
02152812
04424418
01790020
05823932
04713118
00932088
02374149
05274590
09222051
00552841
07200527
10660333
04933544
02598143
00604811
10694258
08549070
00597915
05534174
05248181
02290461
01229938
10418101
10209246
14547369
14052046
10515194
00381601
00727573
14317720
00902424
09678009
01151407
04060647
02333689
01127379
03840327
00712708
09681351
00078760
03109399
06504462
02554422
00512186
07150644
07342049
04627000
02056466
00071646
05542539
09767197
01075164
05279688
06078327
08060193
07180183
07546125
03664514
00794079
08239808
08231184
02858231
00334186
05517578
02376958
13928388
03294833
00999815
05268965
02479323
00799383
00875246
01867295
07553301
07372959
00059127
01797204
06252743
10637635
05785885
02344060
00734054
05577190
05221895
10308504
10373801
10372373
00163592
13308864
00147187
01093587
00206998
00048374
01032040
07190290
10509605
04617562
07248060
07247071
05923983
05217688
00089351
04659287
10624310
00159177
02034828
00903668
05329533
10269458
00171590
05313115
05426243
00091311
00119524
08478482
00734587
05986948
01131473
00726784
05733583
01205961
14051917
14034177
06374587
06362953
00955601
05271383
02646072
02679899
10740219
02073714
06634376
05594037
01018630
10693824
01036333
01030820
02389592
02458103
02343374
00336922
09258715
01280014
04871374
04826235
10722575
00907657
13553916
04341686
00952524
13486671
09792555
05566097
05325378
06054700
00990812
05775081
04105893
05501711
01019129
02500619
01711071
01160031
13905121
07248653
10484526
06652878
10482220
10495421
10335931
10102506
06694796
02450256
00629738
00830761
00554850
02678438
05926676
01125429
05499172
02005756
01014731
09926862
06764244
01704953
01256417
05500594
02578235
09998101
15140892
15113229
09976429
02603926
08101085
10112591
03601638
03954731
02208265
02557199
01074498
08435388
02947212
01880531
09906538
01149138
14061462
01208291
05726345
07298982
05652926
05296639
08108627
02611002
02610845
00729109
05316025
06379568
01052853
02123903
05541509
05546040
09997404
04778630
02461723
01138670
04910135
01346003
00706243
05421414
13426376
07328942
07211950
09900981
00005041
07553741
05772215
00096513
00201671
05285275
00647094
10741590
04864515
01776214
06208021
00360932
15142167
00334996
02782815
05340599
00919513
02747667
05916739
01085937
02447542
05515670
02108026
01030832
00884540
10120816
00198631
13985818
01345109
05929008
00159620
01934205
05614476
00548173
01979241
05417975
02257141
05793554
00051045
05476754
05475878
06377442
07096661
15180528
02416278
01284908
00249780
04623612
00981276
03061081
08307589
05828102
01925372
01106864
01105639
00066025
02744651
10487182
07993279
00518395
07357101
01309991
04872531
02573127
00771961
01752884
05176477
05764197
02245765
05839024
04835724
04731497
06090869
01202415
00467451
14323683
06259898
02230247
02229055
09385911
00033020
06199142
05435277
07320302
00703512
01172889
05602835
06725877
01060234
05734018
10046527
06591442
04849759
02646757
02294436
05692910
08357784
00061792
01641751
05435477
01023574
02719399
05564323
14562960
00760402
01258617
04826999
05823054
07414922
01291069
07993929
07500741
08623927
00910973
08082602
05003090
10563826
05383467
04526241
00488770
06324475
05466005
00937656
06156968
07452699
00446493
00213186
05447599
05563034
14877585
09615807
06798750
02550516
00034288
05293773
07535209
00479391
00397760
00652466
01559055
05528854
00611055
01116968
10657306
01329239
05532944
02479154
00909573
04783247
00113726
00962447
01872877
03076708
02697725
01255967
05510173
07492655
05290756
00238022
01200440
06712325
00719734
00963570
00849523
06000400
13265011
13282161
13253751
06738281
01187810
09470550
01241073
05370410
00147454
04110439
05738625
05539138
01531375
01097292
07493280
07492516
02386012
02620724
02421158
00969873
00316594
05854812
01558440
05310351
00002452
09803429
04160372
13367593
05296775
10677271
08381436
01191755
05951566
03996416
01032368
05344848
04179385
07020538
05472032
06371413
01368192
13962360
02616713
07162680
10692883
05279953
00403783
00720565
13266170
13265904
00881649
02840619
07337390
10143725
05261566
00397953
11415842
00893435
07232421
01069125
01198750
05596004
05577410
02573275
00362467
09201031
00610373
00609953
00862683
05566919
14563564
13555446
06153846
05838765
01508719
10019888
00151087
08358594
08359949
01549719
02143283
05763916
02676789
02676054
13970236
00761713
14379501
05283816
13743605
02320374
02853449
00317207
05556325
01558883
01072565
00921300
01221611
05560787
05599203
02650840
01095753
01548694
09771664
00909219
02310482
05722427
00241038
02203362
01130607
00250181
00341285
00082563
04074482
04728786
02673965
05335310
04631298
14492953
06282651
04638175
04635104
00859001
00717358
00066191
01802494
02108377
01760944
02513989
07532112
07531255
10409634
05675905
10209082
05825245
01032840
05593476
01626138
01641632
01040707
02117333
02271544
05432736
00428000
01028082
07497473
01190884
08368907
02690941
13981403
02499629
06605897
06601327
05577741
02991048
01667449
05395098
05984287
05542193
04176528
04007894
02670398
01931768
01381357
00734348
06080522
08109624
00023100
05284333
05273684
05594367
00396703
10401829
09816771
10308275
05551318
09437369
05585205
10770059
05316175
00544549
04456276
01976089
02505141
05773049
10731244
03882611
02600255
11531090
01147060
13931145
09915964
00811355
05603160
00140900
13872211
01256332
04890112
00237869
03154446
03091374
13780719
05516366
02701628
09762821
02669081
10000787
00008055
02125460
05840188
05404074
11960540
11579418
05280831
13457378
01624169
14425414
07250034
00121865
01498872
03181293
03278248
01798100
04623113
00703875
10768585
05504107
02156063
05555473
05267345
05430095
05714161
11414411
00673766
01601234
01195536
02579247
00976487
07248507
01308381
09366317
01418667
05595531
13561719
00664276
04261116
05287882
02310855
00679389
06200344
10752719
09815790
00161243
05465567
01807882
05371663
00641252
07536074
05806855
05555917
00257535
10068804
00034574
05512139
05271814
05805902
10020031
02419073
05529159
07051975
05455690
02678384
05544078
02649830
05263850
09777012
01511380
02390470
10383505
01101913
05387167
02262542
05502090
04980008
00942234
01468058
07180372
05379734
00782527
14285276
01227190
13939892
05261404
07524242
01352574
01697027
00019128
00729108
10614363
00028565
00588797
05533948
13550318
00231557
15055633
03959936
05637558
00044455
02524171
08166187
02735688
01342269
13286640
02081178
08252211
14864360
03018802
00604694
05623818
00062806
05670972
00059019
07360647
00095121
02135389
00785690
09928136
04686003
02378623
06878071
02464866
00347610
03738472
00700708
05459232
00668805
00353782
00318035
14686913
00229260
00360757
02130524
10708292
05239808
10480018
13428159
10345804
01684337
01147451
01145359
06650070
00671190
02584915
05141222
09811712
07093895
07522128
00744443
05230357
00730247
06078088
10518194
06384708
00868799
05274808
00471613
02600948
02860389
06633363
02514825
05471629
00593732
10082146
01240432
01237415
00715674
05405946
01831531
00331950
02489748
05601357
05941210
05941037
00728975
00101609
05935060
06724763
10509389
00752144
06532330
06768901
00138956
02112029
06879180
14437552
00019613
02563327
05370918
03365592
03536348
00911048
02157557
00933154
10609092
00732224
08629508
10214230
01440378
05332569
10716389
08081668
06649567
05317960
00854000
01410363
00626800
00226882
00406963
03120029
00555138
05109808
05107765
01211667
02607455
02310007
02603673
01167146
03398467
00618682
04880830
05604950
05796423
00158804
01519977
05590366
05792842
01220636
02569790
00157957
03224032
00635012
10126424
10285762
05572940
04867130
01993926
10495167
05578251
05543177
05423779
01211339
05590740
05337055
05505679
10429965
04879092
00817311
15271008
05282000
05154676
05154517
05289601
00805034
02383831
14960090
13896369
05576950
02526085
00197772
06389553
02687385
00636061
00482893
00754118
05594822
00771632
05539595
01256743
05780104
14559983
01752495
05352433
05901508
05565937
01225970
04829282
04828925
05373924
01378556
10668450
03104594
02736778
04650527
01127075
00087152
01922763
00818466
02447793
06652242
00768062
05650329
05319936
00715239
05483890
00600724
02469835
00338641
02756098
10486349
06721949
02704349
03074922
05349659
05588551
00759551
09385137
02157399
05907682
09631129
00147862
08457976
02341266
09837824
11419404
08108784
05459953
08566028
10339504
02559752
02051031
02050132
04377057
02189714
02364448
08208016
01947266
01948573
15291199
01248782
08462320
01921964
05735478
05581693
00643473
00152887
07162545
07052291
05352291
03879854
00921072
05277532
01281611
04628192
01020356
01140839
09184834
07537485
05803938
07538965
10380305
00192836
00504592
00296178
09769929
05578740
00243373
02445509
07293180
09206985
09505153
00788821
07555014
01312810
04208210
01777210
09880427
02715229
01034925
00933420
05376844
01395617
01624568
02352019
13945102
05367735
01489465
06744000
07217924
06773434
00207418
00004258
07428450
05314075
02945971
05593871
01159655
02414710
03838160
05466696
01039140
01066542
13285176
02434238
05797177
00202236
01239494
09901642
02348324
01048939
02176268
10524413
13791389
05817396
07006951
05313679
02888133
00974444
01320009
10045713
05872982
09878275
02137538
01423285
02684254
13486270
04321238
08061042
14333433
03511426
00040804
08242100
00172710
02256109
00382635
05389939
00778275
09379111
01135952
13742358
09927451
02964389
00733632
07515560
01333082
13576982
05836275
01045419
02570062
02450505
05387395
05436080
00838043
10409752
05794403
01421122
01551871
02290029
03540595
02500902
00590924
00931555
13096863
05348884
02321009
00691312
02215506
01644746
05540407
05262185
01703326
02201644
10365514
02620587
07496755
00230746
06123363
01554799
05807306
05294819
00205598
08673395
01131197
01441100
01412346
05331812
07251619
02259829
00184117
01588172
05317191
01072949
05967977
02510337
05398609
10568443
09304465
05550330
01653013
01855606
06732581
05580416
05574151
04076846
09442838
05309050
00706975
10161178
01021889
13927383
02664769
09632274
04618070
01109687
02072849
02012344
05331653
05682570
05304932
06284225
13537894
05718935
10411551
10041195
04186848
02660819
02716165
05345581
07159791
01033458
00633265
02702674
14491271
05547396
00920125
00003356
07372779
01861778
05542052
06347996
05275466
08400965
13576101
05654362
05582305
05670710
01117541
14023997
06182144
01998793
07447261
03526198
02789271
07956887
00067999
02008066
05296253
05282433
14036203
04451818
14866889
00803617
00010435
06671484
06392935
13381145
00612042
02728763
06732710
