08858942
08890097
01725712
07480896
02542280
01203676
10515194
05945508
01958615
00299217
01398212
14989820
02112891
02112029
04695963
01537409
02491383
10526096
10489944
10707233
01856225
01856553
05748786
02666882
00812526
01572978
01949110
01955984
02064131
13774404
09334396
01502762
09688008
02957823
05715864
02194495
04926427
04924103
14798450
02627221
01098869
01156438
01926984
02099829
02964389
01612084
07635155
07628870
13291189
02543874
00753428
00752493
01144657
00452293
01131043
01125429
01073241
01182293
01074650
02530861
10488016
10632576
02632567
14493426
08277805
09759311
05050379
05050115
00470084
00233386
02666943
01322854
08873622
08597023
01781983
14405931
06220616
06212839
01904293
09281777
00481739
06667317
04638585
02046755
13878112
07813107
00213353
00467717
05924920
02669885
00409211
02443849
01775535
01775164
10672662
05186306
05707146
00614999
02519991
00259643
01845627
01855672
01390616
00113113
14299070
00091124
01955508
00121645
01389329
00616083
00596393
10464542
00601822
00180770
00853776
00560893
00358931
01856748
01507175
08877208
08633957
06682794
01955127
13855627
00661213
00838367
01179865
03150232
01522276
01073822
04993413
01944692
02858304
00350889
00350461
02478059
14455700
07238102
02677332
09424489
01816431
02887209
04336034
13580723
01193721
10093658
01140794
00330160
00438178
13552270
00239614
01224744
00597385
05219724
05514905
01354006
14705718
01234345
00421535
04576211
04574999
02270165
10330189
00044673
00417001
02250625
13282550
00891216
13344804
00182213
02461314
14622893
14619225
05238282
05244934
05174653
03933529
02085742
00366547
00357680
13290676
01493897
14425974
04828255
01782519
08276720
01406356
01406512
01487311
01488956
04980656
01053144
15129927
05816790
02531422
00856860
05003090
01882170
02125641
05714466
01754105
00695523
01475282
00658052
01009871
06561942
00844298
02235666
02537407
13874073
14971519
00238867
02291708
13333237
01150467
01150200
02253456
13720096
13716084
01167780
03200357
02451951
02269894
08612049
08495617
00105778
09930876
10478960
02163301
00842989
09762385
01097031
08397255
00657728
00874977
02196690
14599641
01684337
00937656
00980908
06790042
06483454
05659365
05659621
10112591
02072501
13649791
01227137
01370590
00800930
00685683
00259894
13573666
13575433
07551052
00859604
05527216
05525628
00590148
09906986
01292727
00843468
06730780
09203827
09316454
00450335
02700104
00552841
01960911
00442115
04236001
03895866
06685456
00890100
00365188
00365647
07450343
07447641
08871007
00622584
01143838
06767777
01058880
01820302
07491981
10293332
01924505
08280124
02080577
02671880
00622266
01574292
04493505
02079525
03216828
01305731
00657550
05737153
13969243
09612291
00869596
01526956
03872495
02672540
02058794
02523275
05524615
05525252
05014099
00328128
02191766
00812274
01216004
10298912
00595146
01216522
00299580
05755486
00085678
02274482
01547641
01547390
15183428
15157225
06200010
01027263
04659090
10655169
01158690
00851933
01224517
09826204
01941093
13876371
02738544
02120458
00513401
01524298
01524871
02653996
02945161
10058411
02834778
04289690
02446164
00583461
00015303
00858849
07234230
00320486
02001858
00963241
00962129
00356790
01387786
14585519
00330144
01354405
04049405
15145586
15146545
01135529
04854389
04827652
01385920
09307300
01551871
02326695
13279262
13281275
07800091
13875970
00143204
01940403
00302394
00061290
01951276
13326198
13617952
02632353
00963283
01432601
10395073
01193099
01166351
01961691
00441824
00443231
13603305
05058140
01273263
02784732
02037272
00136800
13446197
01510827
14008806
00683185
01880531
00073828
00070965
01640850
00666058
14429608
04565375
01087197
02123672
05713737
04046810
04048568
07480068
00026192
08894456
08895928
01073655
02261464
08069878
01535709
00854000
01226600
03000447
10527334
10503452
01840238
10096217
13282007
02249741
00014742
15273626
15010703
00208943
02405252
02667228
02332999
07556637
01100145
10782791
09361517
09437454
01235258
01153486
00852922
00849080
00841628
01167981
00619183
15159819
01854415
01852861
09906848
10474645
13858045
13857486
01854047
10782940
01639105
03772269
02384686
07186148
14436875
02237631
14429985
01182024
01197338
00459114
00458754
05645199
00609100
10768585
01093172
00609506
04135315
00300317
09622302
02636921
07183151
00869126
02043982
00853633
06778102
14889479
10433164
00043480
08278324
08276342
09861946
09747329
03130073
05658603
02124748
00724029
13421462
01190840
07891726
01020117
01017738
02174311
07380144
02464342
02463704
07460104
01914947
00588473
09759501
00135718
02053941
01849746
00550016
10318892
01021579
00958823
01613463
00384620
00261405
02662979
13529616
02672859
05046471
05046009
01741562
00364868
00016380
00076072
00074790
03199901
03905730
00231567
15166462
15169421
08654360
08491826
13622591
13622209
00453935
00754731
10672192
04665813
02529284
02402409
00215838
04544979
09272085
02652494
10269458
01954559
01186208
01194418
00759694
10702781
00660102
10506762
15122231
00490968
08571139
08523483
15169248
04440749
03533972
13341756
07847198
01418037
01242716
02512922
09889941
10744164
02252931
01120448
02566227
10157744
04157320
02022359
01996735
08428019
10529965
01957529
10769321
02493260
00555648
02055649
06508816
01001643
03309465
04082886
00239321
02005756
04864515
01782218
07520612
01223182
13877918
01136614
03467984
05960464
00365471
07543288
00105554
10209731
10760340
13358549
13384557
02003601
02994858
00329831
15165490
15228378
02210119
02236124
00643197
09790278
00066397
00264875
13426238
06513366
01219706
02886599
08587828
01765392
00759551
07440979
06201136
10402086
00882961
04660080
05207130
04879658
10051975
00416135
05246511
07338114
14865800
10084635
00800421
07246742
00807461
00087152
01922763
07204911
02473431
10299250
02592397
07677593
07675627
05714161
10433737
01180975
10561320
02344243
02344060
00258854
00199659
10683126
01912893
02368336
02395115
01549291
02738031
04566257
01470225
00031820
00802136
02583139
04465933
03605722
05042871
02657219
04713428
00842538
08279298
01522052
00345641
01489722
01570562
00616857
10351625
00739270
00311663
09810364
02418205
05769471
15170786
15171008
01857632
01053339
09366017
09287968
04842515
01587077
02462580
02389220
13939353
02022486
00511212
00510189
09879744
00321486
03873064
02924116
10002760
02521410
04721650
10781984
00922867
01004582
02667900
08895771
08524735
15137047
15163005
03624966
01671039
01489161
00657016
03058603
03309808
08184600
08182379
02254258
00228535
09952163
00482473
01167188
04411264
01451842
09763784
13931145
00431893
02418686
13359941
13359690
13982357
13980845
07313241
07313004
02047650
07710616
07566863
05611302
00957176
05614657
00589309
04278605
04018399
02796995
14633206
13373214
00120010
00119568
09892693
00589769
10271677
10285135
14607521
08675967
08615374
08278169
02588099
14780040
00297906
01838651
10221312
01859325
01858441
02048891
00342755
08691669
10676877
15160579
09811852
01134522
01364184
01679433
00039488
05259240
00891936
10149527
02828648
03519981
03224893
03679384
02958017
08860123
07738353
01262936
03841666
03953020
04612722
00362128
02527651
07573696
07580053
07578093
03684823
03380461
07678193
00320681
00321148
02368787
13875571
01673472
13867276
14428160
03638321
00914215
07123288
00416399
02337667
05716577
01828736
05813229
01874568
01547001
01985029
00284798
00458471
02035337
00075618
02194286
05715283
05256862
15137676
15118453
10140783
01257612
08287586
04629194
06950209
06947032
00369628
10280130
02566015
04645599
01857171
01857325
08878016
00749574
00732746
09359803
03420559
01089137
05959954
03057075
00605310
07424109
05243704
08657249
00076393
02174115
10042300
05243879
04641153
00910135
10018021
15234764
15154774
00014405
13319726
13319032
04426618
04096066
13403331
02896789
13559409
00028565
05601357
02939919
03195485
00702226
04438304
00208797
02401809
15119536
01731351
09759069
15170504
15163797
00930368
00274283
00341917
00884466
00889472
09934921
13384877
04980008
02686568
02932019
05524243
05246796
01966861
00616498
07181935
07180787
04894037
01899360
01155421
03386011
05043973
02551602
11083656
06960566
06960298
00388210
00366275
00431005
02653159
02651424
07260623
13577171
05734381
10227266
02100709
00696852
00891850
01849221
00280853
01576917
00815801
01222884
04873550
15155220
01637633
02352019
01886407
02644622
01168961
03470387
04216963
07678729
13933841
02028722
05245626
00492410
02547225
03691459
03274561
10618848
08366202
00704305
06277280
06277803
03287733
03431745
01675190
04796490
01425511
01223616
05257737
00869931
02687251
01149911
11450566
00506040
05706629
05706228
01475831
01483324
00369399
00369802
01800422
06716796
04902925
00015498
10334567
06946497
02958126
00749767
08875547
08540532
02045790
00342028
01134699
01305361
02329292
01740892
10548227
01177033
02512053
01115411
00855295
06777794
13758745
05635188
05640184
02599939
08274923
01111816
00133417
01716227
02513740
00052146
01424456
10059582
02271137
10216106
01647867
06773976
13459322
06055946
08877807
13560417
00210259
00013172
08544813
08548733
01106272
02446651
00828779
00095329
00095121
02738701
02829696
07351909
01349493
02876088
01895630
01646941
00298041
09430771
09411430
01853072
00123430
00123234
08183398
00896688
00896348
07618871
07612632
02792552
01950502
00616153
02334867
05240211
10612931
02417504
00429440
10062996
00653620
09626238
02473688
01406684
13793776
00890590
00885925
01210816
00810557
00204199
03057021
00051511
01489989
00713952
09777012
01981436
09433442
03916031
02126382
01952750
05526384
02583780
01181295
10763383
00882702
02191546
03469493
02677718
08556491
00897811
00928015
01850676
00537682
00532110
02746365
03199647
04081281
13382766
13381734
01223833
04073669
08518505
08647945
09360122
08617963
01981279
03065424
02049190
07441619
03125870
02743112
01099436
10388440
05198036
07458453
07456188
01866192
04101701
00858377
00199912
15282696
07886849
07886572
01180206
08254055
08253640
09274500
08612340
08616311
08253815
08875369
08537837
07236077
00999245
00295697
07866151
07557434
00203649
02447001
09892831
08250635
08188235
00417397
07555014
01153947
06510977
08518171
01983797
02098458
00700652
00661091
00085219
02273293
01322221
14427239
08877382
02673134
02190166
04626280
10039391
00744616
07711471
00017282
00766234
00804802
07181546
01003729
09884391
02944826
01055165
02124106
02124332
03891051
03589791
00482893
08873269
08881674
03497657
03138534
09217230
08419984
01424948
01609953
02672187
14024882
14034177
00618057
08891889
10275249
03612814
01265740
07622261
00417643
01064148
08892766
01239868
13971561
10435988
10560352
01111028
10117511
00764902
01145015
02579447
00768778
10775379
00745637
00185104
03796605
00300441
13650045
09886010
10320863
00247792
00324231
01950798
10214390
01853498
00215683
02950256
00492677
01158596
14708720
01949007
02930766
13650921
13650447
01919391
10709529
01954852
10720097
03451473
05187446
05177285
00782072
10722965
10095869
10099375
04995531
04995211
00597629
02217266
01098698
02174461
01785748
07537259
00741478
02105990
07512465
11527967
00271263
10186774
09701148
09700964
06767693
05967097
07153727
00853958
03581125
09367991
10643837
10245639
01010334
02044278
01169067
10132988
04335435
01945183
00880227
06695862
01088381
09351547
09397391
08013453
08392137
03719053
03718581
01025913
04660261
08874273
04347519
03701391
05517406
05516848
00999787
01072780
01072565
13594585
09916209
09893015
02033137
00953923
01266895
10118587
03109399
00094001
05245192
01726692
01602318
02152212
00499642
02725067
14013005
04850996
10248876
05526175
14493716
02317970
05008227
00276813
04594489
02354536
10298647
02708707
03471779
00259177
10766025
01523986
07961016
05658226
00207728
01780941
01222666
01738347
05513807
03763403
10607706
00682436
01035199
09879297
04629604
14589223
02950826
04005630
02992032
08879388
01724185
04031884
10412055
05717342
01235137
01234729
02506361
00514658
00514128
11449907
02644234
01183573
06878071
01067512
01856626
01318478
00051045
06624161
06764623
00159899
09435965
00071803
07596684
07557165
00734927
03540267
03381126
00830448
03679986
04571088
01469770
02880940
03206908
07883860
13934900
01589497
04907991
10454972
10071332
02911158
02639606
01153762
00754873
00358089
15147850
00252710
07621776
07621618
13363970
13112664
13118569
04441528
06941644
00417859
13246662
13246475
06276697
06271778
00542809
14599168
14739360
04137444
04257790
00272448
07248653
02302817
04592741
02688443
07609840
15159583
10702615
14012667
07874780
01945381
07556970
01851375
07515560
01156899
01933305
10433452
00240571
00490722
02192992
00509846
01030022
05074374
03814112
03068181
14563564
13766896
13756125
08892971
03024746
03003344
02270404
10197967
00854150
09940146
01614079
10196965
05152696
09366317
01185981
06513764
02398854
07295955
00229630
06509210
00183505
01093587
00505802
01696135
04683136
00287258
06698252
06697331
10712573
02202133
10561613
02950482
01887020
01859496
03111690
02363128
02466496
01125693
00897026
06892775
08168117
08167365
15184170
15183802
00793580
00343249
05241072
00889555
06686174
10224098
01425709
00138599
01180351
13344664
05769726
00319939
02000868
07622061
01847565
00034288
08893223
10021892
02893338
00598056
10480730
06700030
14361182
14360459
04484160
04242704
02021376
10057714
03082807
15235126
01532329
04694809
02868916
03337140
01001857
10562749
02167571
03916470
08887841
03498316
01121855
08818835
02999410
07858595
07809368
01065441
07642182
05714894
04906273
02542795
00285557
00315390
00969506
01391280
00463778
10237196
01431230
00793037
09961739
00599835
00076563
00270215
01661818
10760763
06669384
07710007
07707451
00811171
08041840
08638260
04370048
03815278
02520509
02940509
00172732
01858989
03343853
08894319
07676425
01269008
06702458
01818972
10118382
00487653
02331919
01273016
06855207
07544647
02094755
01064999
04447443
02919100
00341548
06904171
07800487
03542333
03542860
02087551
02087122
09826074
13278375
01055073
04146050
02387910
00167934
15137890
01133825
13969700
07383823
01928838
01589217
08558488
04577293
07832902
14449405
09702134
13897996
02935658
13970764
01215694
00745499
09730533
00374668
02281485
00015806
03763727
05513302
02864593
03988170
13873502
03340723
03851341
00320284
15138401
00651954
10506915
05525807
05236322
00082870
07127006
00969137
10409634
02593354
10217436
09907196
10164747
08683548
04341133
04329477
10142747
10143172
00273319
02346724
00084371
08876773
08554440
02196948
00514871
15068436
08346655
08342039
05382729
15167027
13259917
13254985
00773285
00072261
08504594
01167146
10566072
01256157
04191595
02991463
08337324
01395049
03959936
00840630
08493064
02812482
00186740
04578708
15160866
07695965
07712382
09701603
02672371
09827683
00209546
10452752
10287213
01936537
04463679
14498404
13869327
13867641
00273963
01906823
15146004
02275365
07884567
06789411
15169873
07896994
04713332
04712735
01606205
02701445
01509079
00106272
07433145
01112364
00148057
00420132
03096960
10013242
00737536
03352961
04500060
00992331
10160412
00962722
01321854
01321579
13345286
04404412
10242791
10083823
02933304
13456715
08547300
02311260
08286163
08282696
00265386
13298935
13298701
03315805
13391452
13388245
07859583
04666837
04666615
05731568
02195470
07869937
08891595
00293916
04870643
00894552
01190494
05716744
15227846
06185748
00083975
00435688
00125078
01498498
04466386
10409011
10614363
07851054
05705184
01850035
04305323
02091885
07556872
00501479
00499066
01858910
03032811
02257141
07642471
07597145
00646833
09918554
14427065
02544191
08182716
09612131
07703889
10102369
02693168
07442068
01679806
13421832
04096733
02819697
09386422
07722217
02543181
00942234
07177437
08954057
10564800
02463990
13450636
13946760
10495555
02245555
01196802
01151097
01848648
02102398
03525454
03525827
05331404
01166926
01922895
00278810
02836035
00189565
00186634
10494935
08879680
03814906
03908831
13453428
05769833
08246613
13138658
13138308
10590339
15164957
10365984
00140393
05245775
08033194
10150940
07711080
00085432
00088481
01305241
00765193
00510723
15228162
07288639
02021149
03098140
06874688
10785869
02706816
03191776
02770830
00139908
02384940
03904183
02664769
05638778
09841188
10077593
02331175
00271520
00433661
02188699
02159955
01337653
07679356
00735389
10017422
00596692
04664964
13292787
04460947
10437852
01723224
00418615
10783734
05513020
05512670
01672607
04794751
03697109
05636402
10693459
00076341
14431169
03881534
03141065
07390945
13986679
00510922
01848976
01846331
00425905
07573241
07573103
13418047
13417410
01850373
10536897
10183757
02546075
02909006
00314469
01473806
07532112
07531255
01476685
00373520
00483181
06715786
01364357
07829412
03852280
01950657
00608978
15246853
02463141
02346895
08223263
02092309
04159354
13377268
10117017
02400760
05050668
01418179
07449862
04862592
00593219
00985106
00984609
05696020
05695806
10162354
00129089
07491708
02717831
02641378
01821634
00456740
01847845
02111684
02360448
04850589
13372961
08874469
08546183
08398036
00973077
00964343
08552138
02512150
04322026
13298011
13296899
14440623
05527848
05264756
02477334
00945916
09833441
09917593
13622035
01151407
01852544
13428159
01220303
03061505
13385913
03462747
04792357
01866610
00323856
00322847
06946823
13530408
08895497
05615147
10252674
02718015
14738752
04545471
08618379
08520401
10753182
01353405
03024882
09704630
05644922
02466132
01777210
15056541
01372682
03461385
02326198
02792903
13416345
09986189
05006898
00651630
01966706
02317661
03541696
01926311
03656484
10064229
15259284
01082153
01173826
04792127
01072072
04468005
01852701
02676496
01256332
02743020
08543496
05654052
02084071
07237758
00727991
04087126
00730499
03479397
06645039
02091410
01063695
02087156
08677801
08569165
13970236
10403876
02973017
04470953
01848123
05967773
03757723
04334599
10100124
04405907
03617594
10193026
01398941
07673397
07672135
02784218
02959942
01052248
04980463
01844859
00713250
01489332
01542252
10512982
04852088
02421921
04437953
04436675
06696483
02729965
15165289
13409647
13409160
08339454
08077292
09847010
00450866
13719410
13608788
03823540
01088749
08439955
14796969
03640660
01219993
10562391
15237567
01845477
01240979
06535222
08453464
10565502
00878052
00504592
00227507
06056923
00584954
03045337
03863923
05762149
00212049
02017937
01853379
01266945
00716130
10336904
10411551
03616428
04100174
00599472
10570019
10453357
02110927
07705931
03694761
10184822
08553535
04024862
02801938
01177703
02521816
02438861
01134479
10683349
01246579
05509146
01480149
01480469
00593108
06884790
06883073
02194138
02196214
00290579
02754103
14485064
01646528
02804590
09757653
07569423
07569106
03399047
10113362
02344381
07295629
01373138
04863074
10069645
09262690
09468604
10451858
01489734
08626283
00222472
01134238
09280380
06481156
06777687
02290196
02465929
07631212
08167953
00181781
10535706
09772029
14409489
14408086
01179707
00606093
01601234
10472799
05681117
14374432
08696931
05525100
02218635
09993901
01851996
09624168
10024119
10582154
09609561
01672014
00511041
04764741
13325010
02270815
15236338
00485711
10023656
01292534
10672908
04217546
04201733
02814533
05526957
14002279
03971422
04713118
10500942
06950528
10622053
01176567
01176232
15157041
01531265
01531742
07751451
06595351
06258228
00447540
14842992
07795598
07775375
10208189
10476671
06696025
10020890
08521816
04994413
04992163
00029025
10147262
01850192
15228267
15273955
07209305
10210137
02515214
04637923
02345272
04730580
05258299
07186661
03059366
02934168
07515790
02381726
01222328
07310507
08284481
10064046
00889831
08342670
04283378
01230850
00026385
02088627
10508475
09957156
01503268
05264247
05264081
09302616
03816849
01263018
04993882
13981403
04159058
02301825
05611684
02126022
00620424
00223854
05695554
09893191
09943239
02261642
06781383
07944050
07943480
02570267
05635624
00506952
02313250
03133538
01580928
02633534
02329883
01373844
02765190
05826914
02760429
00351406
04713692
06220819
04795545
02383842
02379528
04400289
03078287
09884133
06268784
02631659
03958097
10335246
08539717
09686536
04839676
03781787
09994119
00981830
06695579
02263788
04561734
03364340
02027612
03040836
00985921
09626031
02863724
00080304
07059255
07071942
06477209
06471737
13720600
10411163
01855343
01855476
01230283
02193974
05768553
04520480
02512808
08431721
04413969
07577772
00095971
01222645
05768806
08873412
10681194
02619924
05701738
10550090
04339291
02817650
02288295
04066023
04511002
00125633
10742546
09918248
02902079
09807754
00127531
13712428
13712592
00583246
03046257
00283568
06961399
01849747
04997472
03156405
03003730
02486693
10261388
01054227
08543223
03821660
07889814
07889510
07294019
00538876
03457686
00208210
08591269
10395390
03907654
00597957
05421723
06156968
03663433
02446819
10211203
07620327
07620485
05456732
00456596
01235463
00740712
00810729
08543081
00487874
00483935
01419473
09224911
04134339
04852750
01216670
05715150
06882561
10373998
15158816
02742232
04753799
04753455
01064758
09849598
01215851
05144079
02744323
03163222
00512843
09221070
04585456
03519578
03216562
03990474
10637038
00964105
03171356
00601783
00046109
04398497
03420440
00296585
02034671
10548537
10548681
03777126
04314522
03101796
13615557
03075768
08876975
06961557
15203229
02023992
02023341
10174695
10300154
05523269
15160418
05815890
10793168
06263369
10117267
06700325
06700169
10013614
07579076
10412910
00800940
04020617
09935233
03842156
00812977
02341266
06699225
04842313
14409718
09942871
10026553
03999992
04901326
10562968
00261258
03470222
02600255
04879340
01612295
14426449
00772813
07588947
03863262
03121897
15222686
04499660
07752264
01527271
14814531
14844693
01041762
13757724
04497570
00009978
00468236
02001461
00595935
06714976
08549733
13985818
00375021
00962634
05040275
06216160
04015204
08161068
08472335
08464601
10569744
04381994
07514968
00313647
10257647
00514396
05091316
13252062
00107875
15167906
01117723
05524430
10181990
13398241
08311687
08310949
03769967
03770085
07677860
04405540
02878222
08549480
08382297
08381820
10378780
08382056
03101986
14493145
02298471
06778777
04055030
04907269
01304121
01277755
00419950
08410688
06518253
06518068
13542947
15299225
02324397
02759963
05706954
07062697
00761713
01232246
10152083
10162991
06780882
10717921
07847453
08167779
01305542
00578116
10164233
02599004
05639651
10681557
03626115
15169136
03906590
07722485
06716234
07674749
01116968
13752679
13745420
07921834
07921455
00453424
07643026
02027030
01502654
10756641
02091689
00616361
00854393
15166742
04390873
04115456
06513953
09218641
07590611
06529219
04240576
03764822
04520170
04780755
08624656
00550242
07809096
10087736
06263609
15200661
03513627
01135795
14455206
13315077
13314936
10324357
03868044
13390857
07696527
13103136
07961270
03472796
08261589
08256968
03325769
03328201
08555333
02936281
02025550
07572957
03664943
00606335
08437968
08437515
14877234
10641223
00325785
07810907
00139729
01743531
00047172
10216403
04928416
13493998
03210683
08619620
10197392
10607933
03393017
01950128
02439501
01105737
04008947
02546467
04640927
00897989
08524130
08036849
00790703
03772077
02984061
00340989
07634901
00463469
02118242
00451866
06276902
05626618
05625879
08482577
07710283
03673767
14705533
03350602
04595855
07670731
13286801
05011790
07890068
02039156
00535844
04257986
10697135
10610465
02398463
13623054
13854649
00122661
03487090
10676018
10656969
10280945
00962567
13948136
03264542
01504699
04508062
02967626
10512708
09937489
00127672
08402944
08402828
01015104
14779550
06877078
03813834
04213626
15244351
15242955
01799794
01123095
02708420
13752172
08197742
10272171
01097743
01497292
13408641
13408023
04586421
06596179
03248958
01087178
01086945
01068012
10601526
04728376
13393427
05196582
10406072
07965937
10191001
05289601
07204401
05355527
04026813
02206619
02839200
00593837
07459642
06254669
07620145
03963028
08278924
08892058
04110955
03820950
07575510
14836127
01624633
14299336
08539893
00433458
00307314
00306900
05245906
08347206
14299637
00858188
10025730
00595684
03038685
13254805
10657556
10657835
08046759
08879197
06877578
08153874
10413276
01647672
04781967
08252602
07577657
01665081
07066459
06477003
10202363
02965300
04782116
10408324
06695227
07835051
04606574
08688247
09830400
02767956
10490421
07236759
02089420
10726786
05515670
04359335
05044673
00138221
10690421
01983771
07182485
13926932
13925752
05005250
00552815
00048790
04842993
01814396
05923696
01118614
13753067
09835506
00853835
12633061
06478734
06478582
10058777
13422061
07450549
03883664
03880323
08367100
08143486
00815173
15290337
07612996
01263479
03118846
07065932
07432973
08285896
03138981
10644598
10305802
00479734
00479076
01177583
08254195
07843775
10345015
03502509
13297850
08311933
01087740
03700963
05816622
10695450
09991530
08626522
06349030
04229195
03900509
07860208
08504851
04395875
03702719
13344071
06529879
01130169
09614684
01023259
06763681
08164585
08381636
00506672
13485408
04184435
00142191
07291312
00484166
13102409
01921964
00906367
01189282
02627555
04353803
06817782
01004062
00261604
00293141
06744000
06738281
02308741
10670310
02958343
03791235
00427397
00230172
10724699
10335931
06746580
00965871
02614181
00004475
01987228
01987353
00756338
06730563
10349243
09615465
04149208
04208210
00945205
00941777
05562249
05560244
00872886
09968845
00426608
14498096
01378556
02077148
03259505
02459633
10725280
00959827
00605086
05943300
08569591
08593262
06558277
08441203
05325378
06054700
13903387
13903079
02161432
05168261
00794079
07252764
02455407
00880662
02992070
05125377
02208537
02210855
05860200
00246217
02131279
10067968
04526964
03183080
10154601
02419773
02603926
00698855
03233905
03094503
04694441
01538928
02064745
02666239
15256915
00455599
00548781
02383831
10055566
09946957
01014821
01010118
04692908
00336260
01090335
00446493
07370410
05151088
01834304
01340439
01296462
00649481
05785311
05532225
05547508
01156834
00838098
05143690
00205046
05772667
05772356
01704236
00545501
14213328
02034986
02607909
09777353
05196375
05190804
00070816
07289014
02339413
10387712
13812607
00031921
06796642
06796506
07313814
07331400
05786372
00739082
00753685
02593001
00908492
01753788
02913152
04143365
05638063
09974648
00337903
09442838
00415044
08374049
00235435
00199130
04596630
04424218
01756719
01698271
13754293
13576355
02232190
10513120
01700934
00255214
00035603
01329239
00715674
00146138
00125841
02011810
01778568
01356750
14704465
07009946
00081836
00081572
01201773
00495998
02499629
01160342
00879356
10484526
00811355
02281093
10801291
00993014
04687333
01807882
04876985
04723816
00344040
01346978
05117660
02510337
08482271
01999423
00879607
01843904
02229055
02200686
02028994
00369138
01079480
07467846
09780828
00751887
00946499
00264386
00683280
00644839
01560984
01556921
01783158
05946687
04728068
05093890
02293321
01108753
02974219
04588365
07217924
00965035
02808440
04531098
03234306
01690294
13412321
13403643
00217956
14535431
00488770
01253277
11414411
11410625
00044455
00423971
01041111
01206153
01458228
13534274
02335828
13580415
00702601
15283097
07073208
00978549
00704388
00628491
07358060
01280014
00281101
04956594
05573895
05574151
01626138
00971999
00715239
04004475
03699975
06782680
06782019
10524973
00779360
02984104
10467179
00803617
00407535
00912960
00030358
05546540
00782527
02776205
00923995
02572119
00780148
00949619
02809692
00765649
07252378
10752093
02500619
00704690
10438172
09949946
10381369
00480969
00046534
02728440
09930257
07965085
04060065
01458464
14997888
00185857
02840619
01022008
02376429
01410223
10178216
02537092
02536557
01534147
01645601
06740402
10720453
02244956
03079741
00483801
00024814
00109660
06650701
05930736
05726345
05138488
00681429
01635432
01636397
00205891
02294436
09784707
10338707
01327301
05770926
00739340
00430140
01155687
03307274
02877704
05601198
07421316
00434374
00719231
00717358
00941990
07080868
00574218
00847340
00665886
02806261
00153961
00151497
02056971
03242713
00600370
00582868
00634472
10510339
00583990
02291843
05036394
00227165
02700867
02964634
02874282
08188449
00029378
02303331
01018928
05822746
02330742
13354420
00017222
06066555
07177924
00760956
07150644
00001740
00831191
01405044
01511706
13477462
00029677
13266170
10251779
02744977
00795785
02527431
10089615
00624263
06372095
01532589
03040587
13286640
13285176
00948071
00634586
01048466
00442063
05978812
05967977
01909397
01907258
04071876
03744840
00773402
00774107
00489837
00996969
01083645
02234087
00597915
05767733
02148788
07167415
14984973
00945401
01316401
01506157
01509584
07324673
01082454
00471613
01210352
01206218
01912159
09387222
02661252
04802776
07993109
07993279
00095747
00094460
13367070
02323059
00382109
01461152
00647542
09979072
03103128
10509605
00007846
04153751
03323703
00980453
00943837
01783022
07510625
02687172
03363216
08436759
00404222
00283127
00279835
13446390
06084469
05539138
05538625
14507951
02557199
06726939
00861560
00274707
00596807
08566554
08566028
05051896
00781000
00295701
01845720
02367363
01033527
00964911
00879759
02118933
00859001
04516672
03563967
05534333
05298729
14000403
02179279
01222360
00841986
14854581
06742932
00828374
00531302
07335414
13572436
00575720
00215314
00209943
00282050
01993926
00608896
00606370
01846320
00312553
07233214
00864159
01217043
04360501
00641252
00637259
02170427
05650579
10225219
00593944
00084562
00497705
01229071
03194992
07988857
01292885
04689198
04688246
00815686
07200527
01685313
00643250
00033020
02231661
00205885
00248977
00215800
00075021
14016361
00916464
00921790
01279978
14436438
10689564
01666717
03600977
03605915
04861486
04616059
00785008
07196682
02040054
02066510
07018931
01719921
02014553
02014165
02450505
01302019
05718254
02180529
06254007
06253690
00754956
01721754
02611630
02604760
01778990
00949134
02396205
00163779
09811712
09379111
01593614
06609503
01036804
02235229
10679998
01656788
03533486
02106006
02106506
02436349
01133281
02569790
07339329
02225492
10553627
00250259
00411020
07272545
10090498
02248465
08499840
10583387
06589574
01744611
02875013
01467370
02036578
01319874
01653442
01653873
00652466
00635012
06389230
05128519
00171127
06320801
02102002
13370448
02256109
14841267
00442267
07014752
00066191
01170962
02573275
00754424
01582645
07885223
07578363
01719302
06893885
02659763
04930307
01122194
10533013
00022686
04836683
04780958
01627965
00633864
00789138
01169744
02742638
03335030
04552348
14055408
02468864
01896031
10155849
04928903
02556126
10407954
00874067
00670261
06671637
00882948
13777344
01012561
01012073
09912995
00661824
02675701
09964411
00838856
00834198
14403107
14373582
05785885
06481320
06637824
00818553
07216083
00607114
04552696
05075602
01494310
15113229
13575869
00483146
01090446
05968450
10370381
13904843
01559055
00383390
00376063
01369346
01369758
00301187
00443384
01345109
01587062
00644583
05787005
06468123
00243900
00632236
00719734
00631391
04802198
01865197
13265904
10480018
02157100
13960117
01934554
01460029
01458973
10490699
00975902
02448185
00245457
00253761
05123416
10003120
01321456
15152817
06153186
03018498
15153472
06648207
06643408
00201671
01435380
00021939
07578879
01195299
07344663
06568978
06566077
07518663
02558172
01128390
01123598
02950154
01476483
00336539
01417451
00949288
00540235
00540946
00334996
00376400
01919931
07122730
01252425
01989873
01457954
11498203
11458624
10388924
00809465
10708454
01588172
04870340
01134781
10593115
00157957
01995211
01351170
10085217
09939313
11444117
02109818
00058743
02074677
00697062
01157517
01867502
00907147
10776339
10533983
01048939
15226732
03597469
01678685
03285912
02735688
01974062
00116376
13779032
13600822
05269901
05472032
04377057
03575240
00336922
09258715
15143276
15266911
15140405
10261041
00860292
00856824
02278939
00873603
13558696
13524925
02338975
02327200
02338386
14875077
10740017
00824066
00780889
02321757
01817938
07251779
06524935
02919275
00044149
00987071
07201365
00263947
00510364
00708017
14513259
00644066
05774129
10007109
02412939
01200440
01326291
04162998
02701962
01194331
01181475
00512749
04357121
01358023
01929254
00285889
07248060
07247071
00520257
02283324
02202384
01138523
13342987
00877327
10523076
00708376
05927813
05328867
05327767
03540595
04549919
06749881
00712135
02970685
02767433
00735571
02432530
00958334
13503908
10207831
00784342
02727462
00286605
01531998
01236164
07410021
06193727
06193203
06766190
01024190
13565379
05738625
06712325
00827730
01990281
01969216
07284554
07283608
05728678
05726596
00535452
13864965
00237078
01651444
06760722
06758225
00125436
01247804
00228236
00278403
05898568
05761918
00609683
10140314
00592795
06678302
01747945
03122748
02735897
02670398
05194043
02586121
00332835
08509442
10483530
01881696
02713852
01320009
13085864
02618149
01552519
01309701
00311809
01843055
00949093
00948853
01088923
00586262
02479323
01057200
01859586
01063697
01640207
01621555
00173338
03961939
03536348
10767519
10791221
00567291
01638368
02612762
09608002
01346003
00338641
06532095
03154073
06522501
09774783
02595662
07342049
07202812
00956250
02701210
03224032
03221720
00044150
01642924
00921072
09981540
00614489
07650637
07649854
01149138
03740161
00996448
02609203
05141222
02500884
09754907
01176897
03201208
01110274
02728784
02038357
02035919
02286687
07214432
03082979
02924713
05835747
01633343
00903559
10426749
00932324
00955148
00690614
06208751
08419163
02576921
10076957
05068080
05074774
02629793
00525453
06367373
00116619
07361416
01986367
01817314
07491286
02073714
09755241
00838524
01113068
02727883
01039330
10597505
01474513
00660971
01426153
01425892
00739662
07974025
00938247
07170753
02199590
02220461
00018158
00324384
10514784
00474492
01312371
13894306
07209965
07208338
01802689
07496755
00828082
02147109
01026095
07230502
00921014
01343918
00846515
01426397
07413899
00237259
02559180
01172889
01727490
01322509
10399299
00893167
10466198
02219940
03683708
02933462
05462057
05237227
09941964
08199025
09901143
00955601
06377133
07647870
00611481
07452841
09279458
01637982
05491612
05497363
01119169
09821253
01230710
01016002
01016778
02679530
02679899
10475297
01178565
01086081
01053617
05928513
01841079
07311115
04050410
04451818
02213690
02212825
02310007
00089351
06308049
01298283
02391803
09798534
01171644
00053913
07130050
07109847
06528783
00672433
01290255
02755352
02656763
00875394
07162680
05805902
05708432
05701944
03800933
10340312
00813790
00813978
00388635
10008716
04194289
03167666
01989053
10661563
05905348
05591256
05289861
02730265
01363648
01617192
09976429
10004539
02641463
01250335
02482425
15258450
05867413
00928630
09962789
00795008
00791078
04085017
06875697
00193486
00182406
00956687
06253140
06251781
02285629
02247977
03269401
02304982
06593099
08565894
08512259
01931768
01142519
13489037
13526110
13860793
00819508
09954479
15271008
02641035
03061081
05996646
04981139
02179518
10030277
01701311
00158804
07375214
02710673
06762711
00961329
03169390
02748927
07939382
07938773
01471682
02157557
05058580
05044528
03674440
03738241
08198137
08198398
07477945
01744888
00414174
00413876
02513460
02512305
00772640
06648724
01016316
06559365
00069879
07313636
07969695
00684480
04754440
00621058
14379703
00170156
15255804
15256022
00775156
08512736
00730301
00630223
05920791
02634808
00567044
00482298
10005721
02394445
00929839
06511874
01315613
04061969
02608347
02608823
00315986
05821775
00956131
01369663
10630188
10599806
07110615
10439851
01072949
00376994
00335366
10718131
00310666
07389569
07371293
01810447
05529159
05474346
05475681
01199035
02578008
05651971
01312810
02290029
07298982
13440063
02728142
04321238
02387486
10665698
13986372
01812324
05268965
01194938
00954271
07221094
10565302
00797697
14412725
13465530
13518963
02729023
00973056
00805376
01035530
00952182
10743675
09800964
09858299
02581073
00261029
02584981
01548718
00397760
00906735
06022291
04321534
02323286
07423560
00339464
01689379
00976653
10680609
09615807
00378985
01461328
09443136
10334957
00823669
06711855
00816143
01104624
00752954
02294179
02201644
00929718
00766418
00770437
02891188
02889425
07337390
01876907
02251743
01787955
01788733
00752431
00751145
00826509
05734018
01995549
09775663
00591236
01091427
00931232
06733227
00074038
00072012
07325190
00348746
01109863
01076615
01637368
05632446
02681795
01131473
01466978
08513163
05919866
00931852
00651991
00921738
02025009
08274565
00144694
00664276
06855035
10168012
00809654
01347678
00827638
00043195
02128066
02214485
13368052
02400037
02397637
00976487
10482220
02498320
05795460
01438681
06556692
00939277
00831651
01789270
01628302
01021629
05795044
10773394
00994076
00615887
01590171
01291069
11415084
02333689
08550076
01311103
14534696
13920835
05755883
00607405
04768483
04767347
09897696
09629752
02260362
05936381
01636008
00162632
00699815
00688377
05697976
00765977
00282485
05302499
02650840
07942152
00632627
01843689
10757193
02154312
02163746
07357679
00474017
02156063
02154508
00598215
01563724
03894379
01686132
01619354
02418421
00426928
01503061
03303965
03848729
00727573
00726300
09610660
00742320
00383275
00382635
00953216
07222823
14486122
00720063
06349220
01068134
02733122
02202928
02064887
05833840
03621049
01096497
13945102
10431625
00676450
00248026
15153787
00509607
00199309
06762380
05697135
03859958
00102586
00447309
15047313
05827684
01835496
02383440
02009433
01018366
00317888
01111375
02460199
02687916
02265231
05662532
02796412
01127215
00235918
06807198
13760316
10481268
00726784
03659292
02788689
03509025
04516874
01716619
01146039
02553697
00654625
09926862
01241331
01247647
13954253
02603699
00404642
02431971
02189714
10042690
10249950
10480253
01734502
02472033
05445668
05297523
05641959
00597634
05682950
02678438
01609287
00114431
03401721
03401500
01146918
01675963
01313411
04561548
00192836
00709379
06694540
02413480
00575741
01256743
10673451
15267536
00351963
01070102
00824292
00824767
13083586
05511286
01855606
02156546
15269513
00033615
06163751
10269785
06369829
06373747
01020005
06399995
01699700
00858781
07139700
00037919
01011166
00946588
02310482
02284951
00602805
00729108
09179776
09178821
07423365
02733524
04341686
08061042
08056231
01394464
00338071
00331655
02012344
00001930
00350380
00780575
01654628
05763412
02945971
00887081
00443116
11669335
11690893
02145543
01478002
02707429
03746574
08630985
00027167
00297507
00296178
01466257
02396716
08456993
00276883
01169704
01197980
13814041
01149470
01079873
01249060
01583494
01583656
02150948
02129289
09769345
00897564
01115916
10637635
10693824
06770875
00668099
05032565
07139873
10066732
09824361
00820976
00771961
07251619
01201089
05546040
01256600
10789963
07374756
00184117
00842692
01186428
05090441
00240293
05776015
05775081
14407536
01806505
02431320
00788184
07193958
10521662
00967098
02479990
01086103
01072262
10027590
02537812
11447851
01650425
05703429
05172596
00747418
05194578
05763916
05760202
01793177
07550666
01455184
02171039
00882159
00975036
01498769
05209822
06649915
00820352
13086908
00019128
02290461
05157574
04904851
04904664
01449974
01061320
01062555
00121166
03209141
02935017
01637166
06043075
00084230
05598147
05300231
05732756
00352558
00876332
13411157
00250181
00252019
00368592
02030424
07213395
00933821
01714208
06891493
01974773
02156532
06353934
00887463
04490091
02918595
05109808
05107765
06333653
01028748
07514345
02116118
09911570
07524760
07523905
00914420
07123012
01883344
07959943
04226537
01131197
00006484
10468559
09966255
06763273
01020934
01385458
09465459
02207206
14286549
01254013
02574205
03281145
03664675
05789432
00648977
00280586
00191142
05805475
00588888
13273550
00689673
03270165
03560567
07131854
02296153
00952524
05984584
00596644
14494716
01253060
00004605
02492362
00463246
00658082
04074482
00917300
05892096
01075164
00523513
09448361
09415938
00340463
01418667
01215168
01212519
00751944
01310660
00849523
00844254
00296946
07370671
14419164
14418395
00795863
00751567
10284064
01659248
00314272
00375625
05599203
05225602
10721470
02245993
01447632
01871979
00918872
02435867
00242583
01731031
02541251
08186047
01054335
01053920
00203753
00203342
01017987
05677340
00991151
06479665
13899404
01362736
00717208
04473432
02687992
00233335
00921300
01803380
10695555
05568767
00908672
06605396
01123415
00464894
14424780
00024720
00198631
00198451
06709692
00633443
10634316
05846355
10365514
01231252
07498854
00680841
00200397
10044879
04878861
00959731
01808626
01808769
00928077
00927261
04837425
00512487
10079399
10176679
02571511
00783063
05108947
04748836
00650353
00495808
05870180
05869584
01968569
05855125
07048000
02453889
08055150
02821627
01082606
13924659
01846916
00397953
10402285
01347298
07388987
05823932
01015244
01275762
01276970
02550296
02547586
07420770
13971065
01959294
13285714
01060234
10549510
10522759
02378623
01136519
01135952
00071178
00421437
08663354
02081178
04076846
00155487
02695895
00798245
01516534
10635275
02301502
04599396
13990502
00904046
02451370
05689249
05299178
00220522
00220023
06792645
02406916
01063350
01062817
00895304
00367976
01380122
07129867
01105259
04681387
14778436
00020090
05271383
02646072
00940842
01632411
00932088
00532607
00932636
06601327
07331759
07250339
02043665
00968211
00368302
07199565
10596689
00812580
00884011
10482054
00751529
00474308
01171183
01172275
01121690
02166460
00813044
10279018
00955987
00952963
09222051
01259458
00046522
05560787
05379734
14477667
00964694
07133701
02228698
01085098
10068804
01290422
09257949
01207951
01921204
00289175
03839993
00141806
00663353
02245765
00875246
00422551
01848465
00613393
04695176
01138911
02443049
01854132
02311387
01385170
06256229
02153023
02409148
00623370
00217014
01459896
00926668
03753077
03733925
02387034
10722575
01149480
02540670
00060201
02075049
01818235
09822955
10731848
14562324
01564144
06136258
10078806
09614315
06157326
05736149
14481929
08462320
07951464
00300761
00896803
01241767
00555138
02058191
05539595
03093792
00701877
02230056
02229550
06037666
07975026
02428924
00772189
05651680
05692419
00701040
04754237
07540866
00219575
07221756
02325968
01952898
01951480
01104406
01094725
00048129
00640828
00692329
05780104
10005280
10468962
02443609
02460502
00494269
05502556
05504107
01309143
00618734
01144355
01144133
00035758
00040353
01003570
06507041
07332148
02637202
02480923
01970646
01970826
13872421
01498872
02622234
00107739
00610374
00607780
01033458
02382087
13527965
11531090
00031264
02408965
01158872
00927017
02466670
01126856
06608143
05840650
00123170
10641755
00785690
09848489
02651014
02649830
05225090
04051825
01130607
07334490
05217168
00236289
08063446
09764900
10794014
00218045
01656458
03782190
03857828
01048912
02144835
00635850
02153387
01558883
09437369
00512186
00126264
00511817
01883716
06797169
07140978
04453910
01336635
13275288
02267060
03294048
05388805
05343718
13307784
13306870
04770911
05654362
04728786
00892861
00830761
00647094
02708711
09909060
09605289
01970348
07445480
00958880
01133760
01732921
00954608
00403334
00403092
00527572
13491060
06818121
10624540
09947232
00121366
02079933
00947128
01448100
06582403
02648639
00161739
01696648
13742358
02736778
03173524
07185076
02297948
02282365
00372607
10383237
07006951
05566504
01209953
01904930
03903424
01935476
07211092
00909219
01620854
07291794
13134947
11675842
10623354
10420031
13993517
06252138
04729710
02549847
02549581
02586619
15295416
01080366
01255967
05660937
00894738
05794403
00329227
02066939
00792471
01097960
07248507
02665803
00786458
07197021
07044917
07037465
00783523
00666886
00075515
06713930
01770501
07524242
14442933
14441825
00548173
05600637
05603160
06750804
06722453
01295275
00145218
00679389
00161243
07232655
07232421
00931555
00064479
14818238
00329031
01888295
04682018
01695567
02354537
00621476
00620752
00021265
00180413
02077656
04892084
03318438
00838043
01201856
00839778
10507070
01051956
02399331
03265479
00646738
01005579
04782878
06798750
01755627
00084738
03247620
01140839
02589013
06729499
01011031
03294833
00999815
09773245
09875786
01934205
04110439
06128570
00685638
04863969
02434238
02434976
03065685
14854262
05341920
09225146
00002452
03295140
09909760
10004804
07039238
04250850
13467916
00355955
10442417
00922327
01163620
01276361
00263813
00372448
01575675
14031108
08189659
01038666
00784727
02600490
00418903
14920388
07172756
07138085
10567401
10684630
05220461
09385911
02038791
06290637
06286395
01664172
00243918
00374063
00220869
14415518
02002720
02056466
10339966
05718935
00868910
00926472
01045419
00983824
01843364
01177118
07565259
08418103
01018630
14050143
00559102
00212414
01812720
13905792
05640433
01699539
07007945
13152742
08368907
07941170
00096343
00093483
07950920
13980288
06725877
04320126
05195362
00604576
05651399
01372049
01133876
04362025
02469274
00377169
02690384
02620587
01987160
01162754
02116980
01992503
07445265
07193596
08103777
00347420
00345761
01070187
10012484
00045250
01643657
02518990
02519148
02609764
10541229
00599234
10001058
10700517
10523519
06410391
00855512
02582042
01186810
06355307
13480667
01021973
10469346
00723056
00722232
00721437
05808218
01976089
05785067
07173959
00932798
01803936
00158185
04946553
10451263
05395690
05367912
03116767
05664069
07365193
02523521
00618682
05840188
00839619
00695475
06528992
01127075
01818835
08324514
09944022
03775199
01593254
00428000
02490877
01350449
02635794
02475922
02620724
01137138
03004358
07154330
00886978
01040646
07203126
01009240
01077350
00869583
01711749
02486932
10000007
00677544
00674607
06018022
06000644
02348324
01165692
00614224
13413493
00358431
05808102
05807306
10345804
00939452
02991302
02685299
09629065
09628382
02981759
06786629
14480772
14479615
02153709
15266265
00597265
02727039
06681551
07359599
07296428
07238694
07160883
08622950
02694933
03125057
03033986
00996485
02343816
03211117
04054795
10521470
02329733
01407904
04231693
00897746
10355449
10363913
09938672
01646866
09184975
00817680
01870867
01870275
02525447
01069391
00235368
03304730
14806838
03932203
05917477
08208016
00877083
05277728
14877585
10425946
06158346
06207561
05650329
05616246
07175241
02453692
05178715
02472223
02575082
05985999
10557854
00907930
00991900
00991683
08656590
00363493
15226214
02643446
09915964
09612848
02713097
02887970
02150510
00888786
00503237
03011521
05951323
05944958
05149325
02670890
10597234
01619929
03952277
00165178
01740608
09260907
00962447
07135734
01067816
00363260
00716945
00712225
01697816
09952539
01733213
00752764
00900726
01644050
00238527
02067689
00835903
07434102
06490887
00946105
00337210
01864634
00706243
00044797
13582013
00946755
02522319
02458747
00724150
05651242
00023271
00387310
00068333
03875218
01684899
01332730
04151940
08160276
09923673
01986869
00381601
00211110
02425913
08378356
14006945
00156601
05301072
00022316
00019448
05594367
05594037
03432129
03736970
05926676
05809192
00387657
05952490
00604617
02015598
00053097
02395395
10516692
02471690
09958892
09977660
03076708
00614057
00140652
01210737
00910973
01721169
07006119
00954422
02193194
10395605
06413889
05088324
14840092
14580897
09632518
02410855
01789514
00419644
10716005
01803003
02034300
07050177
01256417
09941571
02441022
00250710
09969491
02149302
04019696
01226240
01548193
01061017
00740577
00608808
01182709
06602148
00171586
05823054
00896141
07168131
08680888
00612160
05566919
00550282
14491271
14488317
01139623
01139104
02407338
02531625
02337364
01128193
05068461
02037090
03614007
02021532
02020590
07220773
05216365
05303402
08621598
02319050
02669081
13940456
00341285
05701363
02426171
00239230
02465939
02402825
07252206
06691442
01999798
09623038
00314782
10538272
03117199
00479391
01323958
00721098
07345593
06090869
07445896
03701640
01623967
00876874
09812338
02743547
05784242
05669934
13792692
01492052
05650820
00963570
06634376
06598915
03008275
00306017
15144371
04515129
02676054
13795180
06712833
05083328
00105624
01817500
02511633
00634906
00368109
13810323
00636921
01558440
01557774
05624700
06818747
06732350
10069296
10415638
00930868
03574816
09855630
06037298
00190115
00570590
01325774
00219012
00048633
00047945
07151892
07151380
00343334
00339934
09617867
02456031
00730538
10729175
01628449
10034906
00955060
07212190
08310389
00506658
04773596
02994448
00772967
01455866
09887034
01640855
00486018
01651293
01641914
04820258
00939857
00237511
14598079
01301410
15286249
00810598
02487573
13874384
00037457
06060845
00598954
02128873
00165942
00093327
05171045
00055539
01184625
01216191
07992450
00381013
03099945
13791389
02568884
00112628
01166093
00592102
01118449
07357388
00248659
02342132
02752931
02648253
00054628
10080869
07644382
10785695
06467007
09625401
02496816
05211044
02450256
00494907
02493030
00656576
10060352
13905405
01729431
03055809
06516955
00905852
00903385
00662182
01782432
10240082
01588493
00548326
13457378
00431826
05686955
05686481
01742726
00854420
01644746
03706653
03209910
01019472
06427831
06364641
00863433
00133338
05567217
02699141
00836236
00201722
00927049
04631067
01754576
06013741
00153263
01557614
01233993
04105068
01181902
10068234
03049457
04105893
06797671
07373803
06174404
06172789
03696065
02796623
02747709
02550868
13541167
00515154
13961642
10717589
01206849
01051082
01624169
10209246
01661804
07335097
06771653
13911151
13870805
00960961
02467662
06776138
00696700
00644503
10603528
02640440
05922949
00899292
00898518
00885082
00885217
01744111
05710210
01649999
08293982
00733632
00562398
10524413
00900375
01463963
05854150
06726158
13844212
02724417
04677514
04673965
00119524
05590366
00091013
02228031
01539063
10034201
00686890
00904690
05459232
05430628
04683814
09845999
01002956
10554455
13547199
10401639
07272172
00375071
00244625
01084637
06780678
00590626
09941383
01209678
02127613
00006336
04940964
10771392
00205543
00205079
02348927
02634265
00820611
00525446
01030820
00795720
07548366
06817623
06806469
00612042
00610538
01850315
10525134
14562960
05549830
05556204
09633969
02566528
05481095
08101410
08101085
01206553
10206173
00769092
00422090
01134861
01739814
03322099
01438304
10728998
05461816
00625774
05124057
00947077
05558717
10252222
10045713
05656537
02034828
01878466
02630189
05601758
07128946
01091905
02345647
02577877
00041188
00377364
00015388
00773432
00173764
01746605
00581812
00662589
00506299
01507134
02760116
00745187
08426461
05250659
05248181
00811375
01688256
00933420
14037011
07071483
07066659
00115803
01015866
01512259
01660994
01229938
04781349
01006675
01112584
05906554
05905802
00896497
10045454
00611433
05551318
00732552
06767035
01860795
07365849
00235208
02644050
07311661
00713818
00713167
10575787
04613158
03091374
01796346
07528470
02996605
05309725
05793000
00213343
14559983
01705494
07020895
07109019
05804793
01019372
02386012
04821084
00731789
00799383
10785085
03005920
04424418
13333047
05857459
00397576
00140123
08376051
02240881
02023600
10317007
10582746
01964367
07090721
00917772
00112312
00290740
00441445
02008396
14421139
01631830
00090708
07433662
07500414
05548840
05590740
04760771
00626800
04674715
02032634
07414740
00923793
03975232
05775407
01831531
01767163
10792178
02071627
02070874
08438067
02375131
01161635
07335243
00429322
00654885
01711445
05197797
00603298
07201804
06418693
06417598
13794417
00708128
00503164
00137313
01150559
01151110
10266848
02582450
02545272
00796315
00784533
08233056
01459422
00732960
01049685
02147603
03088707
13506587
04682462
11473138
02863750
01804961
01144876
00621627
06182144
13504173
06740644
09606009
08677628
02991122
02141973
06890846
13810615
13809207
00205598
04007664
01187810
02501278
00933154
04620216
04869569
13928668
00040962
01497736
02164402
01198750
10498551
01163847
07326557
00561036
00508192
13899200
13865483
02337066
03525074
07528212
00255710
00396642
00336718
06759349
00115036
01454810
01428853
01761706
02585050
05310351
01261974
04081844
07187773
07186828
10003283
01508368
14577046
02635659
02730135
00147595
01566185
07335581
10080337
04626705
00988287
10195593
03150795
04546855
10037385
10576071
00931467
06489659
03385117
00166355
00166172
01129977
01686956
02169891
08574314
02645007
00835506
00623151
00629738
01759326
13247554
01500873
01037303
07997703
03084420
11501230
01640550
01753596
03277771
14462946
14462666
01439745
00138956
03354613
00082563
00327031
14061462
01165043
07423001
02019021
10784922
06259898
05825245
10102506
00960851
00954311
02938886
01031705
00410247
02180797
02461723
04865722
04865502
00043683
01000214
00829107
00972621
00118523
01202184
00788564
00318735
13907415
08513718
02158587
01049266
08266235
01168468
02715229
02628337
06520944
10507230
02567519
04447861
04161981
06740183
04630689
00859325
00240938
01569566
02297742
11511765
10677271
09882716
13454318
01286913
11665372
02623529
15224486
10032676
09616922
06753299
00171852
00948206
07361128
02468261
01468576
02972533
00612612
05279688
05280365
00388065
02515341
07414922
01755504
03146846
00593732
10694258
00583239
06628861
00892467
00908351
04922113
00354845
00426958
01628197
01867295
02376089
00953559
00429048
06793426
01591835
01033189
01252280
04669247
01996377
02919414
01487008
10421470
06055300
00046177
05772215
00974367
09795334
06394701
06398401
03525252
00406243
01143040
05625465
02626604
01687569
05766247
14890659
07369604
00150287
02578510
02128653
02655135
02505358
14035298
07355491
00104539
10708292
04474035
02741357
02741149
04662951
01194483
01191158
00939035
10369528
00922144
00913705
00386915
00385791
01120069
10488865
03530910
03098803
03249342
10642151
00785470
02027411
10012989
10241300
05660268
05752544
15271417
05839024
00146572
00368847
02152812
06598445
03748886
01127795
14420954
06811625
04314914
04359589
01296474
00944924
10618007
00101779
07333649
01848718
07006712
02669789
02072849
03996416
02735418
05981768
06753800
10383816
01076793
05423779
05418717
00940384
07003119
06998748
10716389
01250908
05038593
04916342
01987938
00021766
01837744
01824244
01012360
01089878
04800359
00915722
15244650
01011725
01781478
00909573
10148305
02373015
02051031
07991364
14480420
00443984
00522537
02140033
02230772
09469285
02870092
13525549
03964744
00013328
01794668
10738515
10522035
09847727
02613275
01352996
00367685
05869857
01380638
02556817
02678384
04376400
01116380
00036362
05652396
00059019
01790020
01244410
01432474
00854904
00756780
00631737
02523784
00066901
01503404
00815644
00815320
08402442
00307631
01930874
06472242
13366912
02305856
00445467
02357228
00989602
01202728
07570720
01001294
06742426
10765098
01415807
02561332
00025034
05035961
13960464
02504562
05790572
02502916
02043190
02425462
01645421
00868196
10252075
01059719
02237024
02619424
00740053
10773040
13244109
02203362
07120524
00913065
01083504
08567877
10102800
07218470
01732172
10212780
00390581
01563336
08108972
00686447
06394865
06392001
09998907
11512818
00471058
03496892
03322940
01260291
13962166
02616713
06278136
00162167
02282506
04329190
01173813
01758308
10626867
09928451
02234781
00282076
00731222
10372373
03485997
10105085
09998101
04692157
00263044
00695226
09178999
00636888
03473465
06671484
07162194
01354673
01953810
07089751
00806502
06687701
06199702
06196584
02677567
03100897
03302121
07384741
08672562
01643464
13464204
00544549
05817396
05816287
00521562
01688771
00040325
05532944
00924825
05753564
00883297
13932421
13927383
01705257
02309341
07452699
02102484
01767949
01020936
01742886
06765044
00918820
00623670
02394662
00164345
00400883
07185668
07185325
01654271
05786184
15257416
09385137
02798574
01051331
03738472
04160372
11676500
06255354
00973728
11452218
11419404
09900981
01238640
01058574
04679549
09243769
00283911
06362953
06398760
02570062
06607339
10059162
02471327
01627355
01909812
07351612
02468793
06551784
09955015
13439570
00294245
02742842
01535246
07317764
02405390
01647229
10271216
01124794
10351874
00878636
04802629
00617748
01227235
13534954
02478701
01009637
06399631
06365467
07386370
02213074
04770211
02719399
05343542
01639714
01544692
06304671
00979988
10151570
14406573
01791535
08648322
01563005
00971650
00822367
05943066
02464693
00829378
01213886
00446885
01928608
02454649
07452348
15265518
01725051
00394813
07171206
07476623
01102997
08357784
06284225
10559288
10804406
00950431
02440523
02698443
00933000
00114871
02574516
14007546
00241038
00351638
04004210
09902954
06610143
01065630
10752480
04096848
05563770
05579944
14015731
00316594
04999401
05511618
05421414
00797878
01993549
01462005
05131283
10463943
09943811
01140471
03175081
00936620
05762998
00618878
10720964
05831939
04850117
00090779
01636221
05768415
05910453
10741821
07450651
00652346
13553916
02495922
02460619
13295657
13822995
01103159
00920778
00920336
13343526
06731186
06748969
05704266
02694287
02690708
00013160
05112609
06873252
02343595
02023107
07346057
00971015
01029852
01282014
01769902
01501347
10629020
00558371
00082241
06343971
03921209
02070466
00380696
01462468
01017320
10005548
10249459
10461747
00776523
02270342
00849357
01094086
10428004
10560637
04316646
00045639
07373602
00217773
02049696
08050678
08220714
09921409
02539788
08101937
01981699
01308160
04693900
05552607
05766984
13555446
05836275
07098193
06170498
01930117
01741446
01579153
00059376
10160012
00134780
01414626
05395286
01301051
00546389
02685665
01281611
00186616
07370270
10029068
02660147
09814660
04773351
05979454
07109196
00220276
00390906
00042757
02389346
02700064
02082690
06634095
02237338
10035809
01074694
00601043
01254051
03366721
13458571
00151689
13087625
00642098
06004067
08623927
09285254
09620078
00695300
10722385
14578104
10301261
01661243
07534108
00935940
06650431
02075462
10770059
00788097
00786195
06252954
01859221
01076046
02513269
01963942
01923414
01170052
00601378
00164579
00714884
09997404
10786517
02128286
04564698
00843128
05999797
07159791
01130455
07356676
01127379
06289250
00055315
02063771
01712704
00509958
05301908
01511380
00081072
02611002
07963711
00638837
01845229
01306654
03619396
03430959
00612114
02710402
02650552
05784699
01821423
01767661
02642634
01678519
03882611
08187837
02679415
01313923
03735637
00112997
05279026
00990812
13366311
02123812
01432517
02723733
02697725
11480930
08591680
01262113
06482401
05788149
07508232
01080064
10520804
14586258
00023773
00023100
00577068
01525666
02309008
01449053
01976146
07524529
10703905
03431243
02740204
05675905
07963087
08060446
15224293
02076027
00912473
00380083
00396703
03745285
04179385
05148699
00575970
01613239
01052853
08053576
08078020
10182499
04826235
00356199
01633173
00873682
07212424
10161178
10741590
00818466
01145359
02422663
08106934
01046984
02478936
08191701
02115430
06787150
05194151
00933403
02135048
02420232
09867956
02409412
01191755
15140892
15280497
00066685
00648931
00634276
00427853
03087366
01048718
09607630
02801349
14562683
02056880
02577061
06254239
06741305
05469032
10231087
02656390
13313733
00710005
06420781
00745005
02238085
13779374
00590047
01049475
06045562
10658304
00403783
05832264
02600948
05937112
10468750
02356420
01190277
14018567
00714944
01264283
00324834
05313535
05721500
05785508
05784831
05812038
02208903
01412759
05217688
06264176
13265011
01318053
01317541
03213014
10379758
02585489
00849982
10700201
02029663
02030158
05774614
01762839
00802318
01410363
04750764
02051694
00990249
00989201
04639113
02003725
01085237
00672277
01012712
00747029
03459775
01239064
07547805
07546465
00966718
00477941
03126385
02169352
00260648
00266806
00599992
00593613
00348312
01909978
00796976
02492198
00445169
07007684
00372226
00372013
13741022
01666327
14562142
05261566
14322699
10467395
14492953
02349212
10516294
03682487
01243474
00298161
01718952
07290905
00804002
06471345
08567235
01288052
03330947
14535643
00684838
01764171
00002573
00371487
00371314
03416329
07405893
01606574
04181228
06756407
00202236
00100543
08373244
07202579
06633363
05535484
05536370
07208708
01636993
04384406
00938419
03599351
03138344
08624385
01612053
06169285
06153846
01123148
05142180
10699752
02911485
00881649
03051540
00050037
00102457
00479932
02388143
01853696
00077419
04341414
05549061
08110373
01230965
00258857
01548290
00101191
05734559
03038281
09613191
02818832
10487182
04149083
01905121
13353607
00731159
09943541
00967625
10491309
06714420
00317207
10006842
02076999
00116687
04211356
02851099
04612840
01375637
00543233
00557588
05003590
02278830
13258362
00140900
00380568
08064130
01129876
05764197
05320899
10308732
10605985
01059123
13505987
00383542
00636461
00786816
00594146
14371161
01506583
01505254
01034312
00440286
06684572
06684383
14821043
02550516
09626589
01884577
00208497
00374224
05084201
04176528
03278248
01147060
10264437
02289295
06756831
00737884
10409752
00444519
14541852
02545578
09608709
10583916
05704096
09470550
09792555
10235549
15142836
02766328
03871083
01485158
05054863
05051249
04779649
00805034
01001689
10442232
00240184
03109881
00995838
13929852
00733044
10458111
00954038
02689299
05018934
00065184
06200344
00707624
02662297
09618760
10206887
03018802
00807178
00874621
02858231
07205573
00105333
05593017
05275651
05790242
00325502
00325110
15286042
00082081
06736405
01226941
05652926
06080522
00267349
04472243
01215392
01030832
00884540
01275562
01264050
00729109
00373130
02449847
05296775
05267548
02726017
02472293
05256085
02475261
00803325
01374020
00278221
02507736
10166762
05695232
05694791
04060647
04133211
05800998
10451590
00148978
07258664
02334302
01221611
01220984
02376277
00360757
10214637
00041899
08008335
02700455
05564590
09786922
07409592
02471762
00171618
07137950
07939638
08491027
08578706
00485609
08419562
00588221
00532892
00874806
00940412
01106808
09761403
00590806
13773539
02501738
06732925
02663340
00154433
01076359
02742468
01704953
06764244
00277376
02730568
06355894
05318831
02979722
13512238
02510446
00122954
07286905
07286368
02541302
00836705
00364479
04631298
10209082
01122149
02296984
04895246
04485226
01543998
01197258
00419289
14497763
04898437
06254475
14574846
10150071
04734885
01241073
00258665
04361095
10745894
00590924
01973125
10461424
01505991
02577755
07199922
00816353
00508032
01896478
07475364
05157866
02982790
00143251
00657260
00079018
00835267
07273136
01680132
02610628
00210797
01716882
00464651
04366116
01252601
01346804
01085474
05797597
00204943
14597158
00785962
02274253
06710546
06709533
08463817
09854510
02385634
15145171
01923909
13840719
10450303
00709625
05430095
01279631
02065085
00262249
05462315
05578442
02713218
05294819
09632274
00056688
00703512
00630380
10266328
00272391
02158896
01504437
01027859
00760402
01036333
05585383
00833702
05305806
05348884
01526290
02684924
07432559
02551144
04332243
03339643
09851876
14285662
15055633
14591091
01954341
02347637
05426243
00551065
03493333
03081021
01887076
00262596
00446514
00752298
03695122
07963987
02680814
14485526
14483917
00152018
06677302
00331950
09929298
00251463
07375405
00899927
00152887
09840050
06324475
02016523
02212646
00264366
02691156
04590553
00309310
02509919
05397468
04733640
05432948
05433496
01792567
01657828
02767116
11499284
01376245
02037989
09206985
03137228
07292694
10161363
02187922
02177976
01073995
02451912
07348399
01555742
03017922
07139316
09979321
02962200
03722007
01458664
14940100
06770275
05237755
04623113
01653013
07090108
00795264
05908520
05907682
10147619
08462205
02285392
07009640
02730471
04701460
00431447
02742322
01374767
04289027
05702726
05702275
01123887
14702416
01148614
00871942
00034213
04997988
02509287
00808182
04766852
04766275
00594621
00442669
13447361
09505153
05123760
11418750
02743261
04726938
00003553
04164989
02031158
00292672
08191532
04836074
02632940
02348568
14379829
14411981
00817311
01551195
00062806
02526085
00978369
01704452
00591115
00611802
01902783
02484570
01428381
01588134
03327234
00374534
00356258
00646271
01236795
05861067
13252973
00032613
10285762
00509377
00334186
11412727
05263850
00019613
02711114
07099271
10053808
01437254
00623162
13889843
06095022
05653848
00172710
07367548
00086809
01293389
09758781
05822612
07138915
06743230
00893435
00697589
00359492
01560731
00950858
14414715
00648224
00049003
06539770
00931040
01008947
08057633
09868270
00452512
00402535
07324380
05510702
13794034
00418025
07423899
00402539
00327824
04261116
01913532
04764412
01426077
05637558
01848355
04789274
05888929
00433232
05779712
14464203
00779248
09898346
01168569
01071411
01233027
05069199
04216634
06135915
09823287
00918471
04080833
07964495
07326880
07340249
00322457
00806902
02511551
00121865
01770802
13455487
10401829
02403920
09048460
06652242
02524171
09762821
07223985
07223170
02610845
00090186
00781303
01440378
01439190
00426581
00050693
02440020
04209613
02873839
05395098
02712243
01772960
07366289
10466918
04198797
05849284
13555775
00164152
09878275
14499594
02424254
01646300
00893955
02297142
00923321
00064643
02527085
05623628
05735478
00737973
06687178
08406486
02427103
01434278
02454312
05529286
05287882
01986185
09269972
10786270
01227190
06686736
06685198
00888009
00908099
00980779
01693727
01205696
06099269
05282746
05308310
01539633
10502046
01147451
00952841
07328942
04879092
07180570
07705711
08620763
00230746
05462674
01887474
10529231
01556178
04819026
00697923
02734217
01325536
00156390
09771664
01827858
06502378
06647206
03931044
01778017
01069190
00777931
07191777
03180504
00348571
01878719
00880269
10731244
09631129
07111047
00318035
00173283
06253371
01105909
10034785
00925207
00140967
01316619
01014990
13154077
07136940
07286799
10652954
06018465
03020034
04171831
06210363
06196284
01548694
03768346
06359877
00319176
01447257
01800349
01815628
04864200
00708980
02681518
00125629
02576349
10100761
06000400
02378183
02377938
03836062
05633385
13561719
02955247
05941423
05133535
02388950
02376958
09767197
01779165
01591621
01356370
03327841
09758885
06650070
02853016
14842091
00004227
03319745
04211528
10292316
00043411
10514429
10691600
00352826
02568672
01468327
01194904
01322675
02172888
02176268
13962498
08227214
02613487
00179311
09376198
04840981
00226618
00007347
01283746
10743124
01208291
00429968
00429060
05559727
08180190
00717045
02861617
00639975
06615561
05699434
02706046
01482449
08008017
00692143
01214265
08399586
08403225
10323182
03315023
01766748
03679712
09313716
10165448
02439732
01272397
00181476
02761392
01979241
00058002
00214951
14499262
00276373
04287153
00759269
00090888
02219094
13365698
00249501
00510050
13583724
02444662
06549661
01070777
05853449
05850624
01116585
15046900
05150129
02447793
00154233
03178782
09991867
01103000
01083077
09476521
09190918
14017332
00969370
02807731
01456771
01224001
05154908
04004767
05161967
10423589
02458103
06889330
05748285
06253518
01175224
05704694
03424630
03579982
07961480
06799897
00823436
04069276
06613056
06400510
02625016
02624263
08558963
02060141
00056188
00055142
00236592
05599617
00205649
05796750
01212572
00912833
00835294
00752144
01979901
02005948
01023636
01184814
02154416
02153445
00229260
07882497
01666131
02559752
04935528
04935239
14287113
02427916
06755568
04055861
04638175
01981036
07362218
14442530
02646931
02262542
07193184
10332385
05003423
05002822
08081668
03793186
03391770
09624559
00065575
02523953
05566097
05581693
01474209
02694426
02584097
00545557
01169317
10484858
00455348
08560952
00986027
07161429
10563826
01629958
10677713
00851239
09815790
02414710
00732224
02390470
10203949
10118844
08292756
07364700
07309781
08681222
02033295
02654416
13989627
01414288
00556193
00277569
01577093
01736822
10740219
06743362
05466005
05465868
02732798
15274863
05221895
14413644
05802185
02907473
02169702
03669886
00782057
00845523
02887741
02074377
13576101
06740919
07390400
15274074
10205985
01067070
01066881
01538629
00717748
03058107
05501185
03714721
14860102
01566490
01258617
03764276
00727791
01222477
01819554
08058098
02842445
04472726
00969873
10212501
01412548
00306314
05849789
00144314
00638585
02540347
05765901
13892897
00002137
10534389
00791134
10404998
01332205
00643473
09429387
13523661
14451349
08107499
01333082
07373277
13342692
14298815
10754281
00095502
00035189
04328946
05434927
05436080
01243661
04802403
00632438
00407848
05674584
01392080
01760944
02094569
00850501
02241107
00582388
02215001
14422179
01237167
07976936
03659809
08358594
08359949
04105438
00635205
08612786
00135504
00069295
00911048
00908909
05387167
00779061
00136991
00521209
01040707
02321009
00707366
00079398
01224031
01745722
08062623
00294522
13549672
06252743
02743727
00977336
03892891
02204692
00589217
06256697
06258680
01129532
04693384
05770664
05559908
00115157
10036266
01329186
01328702
01771535
10268180
07137129
01037650
05951566
07009538
05329215
05532795
07321772
07227772
09862345
01580050
00900616
09843602
01173038
01321002
13559782
13427078
01877204
01414088
00104868
07436100
01516290
00075135
05657718
06364149
01221790
01076488
00604694
07417043
02487718
01903756
07519040
07518261
00611256
01549420
01549187
00779374
04702688
02103481
10115082
02515080
00391599
01117164
13968547
06693198
04551375
01490336
00678282
00645415
07072698
10380672
02679012
05859991
00138508
00346693
02760658
00846462
05136343
02560548
01202904
13740168
02133435
01298931
01298668
00947439
05984287
07416714
01738774
02575723
02357072
10692482
10113997
00528990
00360143
01056554
05826291
05824739
01101958
04783247
05417975
00967455
02673965
10001217
01068380
07187996
00052500
00048374
01138670
03316406
04008385
13458268
02985137
01484714
01484392
00114837
01177314
06757891
10075529
07300960
07301336
02413140
01684663
07319909
10204921
01251928
00546192
10391653
00124880
01870889
00070641
10703692
00669970
06523132
00210518
14403282
14418662
04750164
07510923
10319796
08322981
13728499
04248607
01003249
04841358
00638981
01913237
03213826
01468058
06731510
06470073
00666510
00730247
01994442
08059870
02469443
09769636
13095685
06591442
10286539
10402824
10706812
02522864
02334595
04051549
07747455
03197446
00563824
00750532
09824609
00067274
06791372
02530167
01328705
02728763
01821266
04660536
00157081
13761171
08559155
00055871
02389592
00306426
05682570
00298767
05982152
00053609
00342980
04680285
00310201
02560767
02286027
02584915
02407987
01259005
01160031
00042311
00622068
01921772
14001348
01857392
00206998
01207609
00367768
00784388
02329578
02517169
14408951
04014297
00372977
06761603
06761099
02697950
13268146
02261888
02756098
01030132
00715868
06734467
10561861
06532330
07254057
09927451
03243625
00754280
00222135
00841580
01363482
03503997
01774136
00322228
01215902
02151625
00770270
02567147
13863771
00770141
05854812
01264336
04650201
00261705
02476870
07203696
10763725
05557839
01718867
06282651
02071142
13426376
00034574
00522751
03194812
03876519
07959016
05309591
14031523
15180528
01226215
00465762
01198307
07555863
00736216
01634424
01634142
01377032
10746346
10063461
09821831
07087777
07070429
00081725
00309792
10624310
00872107
00413239
01389942
01622795
00218427
00470701
01237415
01378123
04618781
05544432
00475183
10577284
10309896
07242104
01210152
02265979
13359572
05147940
02685951
13307901
08565701
10180580
00402130
02937108
06316048
05318606
06057539
01384164
00677021
02505716
04456276
13329641
13423922
05404074
01412912
04717139
08660339
01554799
01201021
01720660
03180969
05692910
00209174
00386676
05675130
02589576
00264529
00243124
01238424
00731000
02286204
02062212
07270179
06610992
03002351
05010062
00278040
04761212
00625393
06312966
01423285
13955461
01356038
05296639
00446695
01013770
05663671
01932973
01101391
02221959
00365709
02573127
09984659
00712708
01433294
01691057
05121418
00591006
00278555
05981230
01077887
10463714
00427580
01631534
10544748
13989863
00940709
07495551
00798539
07208000
01668603
01538469
09962966
09609232
07561112
05176188
05765415
05765159
13451804
13461162
10786033
00673983
00829761
00451461
02577586
14445226
07305234
00945853
09213828
06410904
00664483
14561618
10378412
00592883
02428487
01501184
02903204
14873641
07132415
03005423
07039478
02186868
04202417
09794917
01629589
13558490
01540449
00870453
03984381
09779790
07214994
00833199
01724459
15141486
02267989
00359903
05019661
00445802
05584928
05578251
05832745
09451517
00043765
00037396
01989669
00043902
00795632
01218327
03104594
00725772
01835276
01834918
07245125
08651247
08673395
02581900
00313987
00630026
01762528
08435388
00689205
13896369
02558951
02036339
00696518
00002684
05800611
01662118
01635176
05916739
00171590
05609884
00298497
03385557
02050132
02698944
02442205
05550330
02663643
02711987
00234725
00040152
02257370
00931847
10596899
02681084
03570709
05700087
02130300
13780719
07375635
09278537
06115701
05593871
05585665
06428216
05017458
05017230
01225461
00344125
10491575
01156115
07407777
04840011
04849241
02137132
07176962
00552097
05980875
00794367
04733204
01989562
05902545
09802050
10580030
05830059
07352190
02235842
00276068
00275843
02536329
04766620
07881800
09559201
02607455
09975425
01658762
05891783
01127019
01103614
06694796
00338559
02295208
00466651
00373278
02744651
00407633
06876144
06876309
15255641
05634219
01195867
08146593
00571596
06773150
00024264
05516366
04294614
01139194
02037708
07246036
02304648
08081403
00729378
02451113
00836788
07139151
07140659
14004317
00414409
00414627
10201535
08307589
14548343
00716758
10457444
05528854
02851001
05868477
02426395
00475787
01202374
01239359
05817845
03579538
08510666
01333301
08146782
01023820
10660333
10256537
01202415
00467451
09873604
06313651
10178611
00232542
02598211
07360647
10252547
10210648
10495167
00083260
02539334
05891572
04187233
08628921
09893600
10052843
00117985
02760855
02518813
00915605
02438535
00159177
03521076
14704966
00991838
01299758
10556518
01013040
00213052
00348008
02119874
00428404
05009170
09961999
03613592
10341955
01211098
02983097
03471030
00841901
10633450
06732710
01590007
00828237
00941974
00781912
02299269
10441694
00355252
00757856
05850823
00237869
02995345
06732013
13793504
09960688
02082527
10687231
06396930
02590340
02161922
08132637
07521039
01101913
01108148
00787465
05471629
07142365
00878136
13905121
10308504
02636516
01722077
06608728
06751974
01633825
04821451
00670991
03728811
01752167
09820263
01825671
10180178
00156625
00803815
01886756
01830946
00779601
07312221
15277730
04983122
04250026
01578254
05820620
05470189
03129123
01115349
01021420
14064644
02283716
00073584
01042531
05520699
00208836
11444643
07439570
02068413
07241837
14864360
05304932
01611516
10227985
05192451
06177033
06094774
00572489
00923307
07447261
02262139
00611972
03838160
06687358
00818974
07395104
01101329
02464132
07148192
00231557
05806623
05272110
02440244
02621853
00763399
10191943
01201429
07362075
10019888
03225238
00383606
10074339
08549070
10314952
09621545
00935987
00978173
01266491
00768062
13792579
00730052
10009484
10215623
09774266
01150370
06880664
00404726
03537412
04027023
02898711
14052046
07414566
00010435
00925873
10481003
00244416
09953178
00290302
00051712
10389398
05167618
00230276
00796588
06724763
04933544
00050652
00488617
04628192
01761120
00862683
01014066
00381680
01028655
00631378
05166805
14547369
07184391
00262743
06364329
02495038
02415831
04590746
03744276
04649261
09627906
03387016
00901799
00453731
09770949
07353075
04617562
07926127
14010636
10509389
01721556
05479314
10455619
03579355
07344528
01986806
05595083
02704349
00958896
01092366
05290756
00190783
06880249
06879180
03103198
02409941
02303761
06003682
05896059
05978159
09184834
02598143
14504726
00027807
13508651
00444309
00932624
01225562
01686439
00341695
02108791
00612652
10009276
02185373
03246052
01489465
03547054
02586458
00893741
01126961
01627947
00564857
01726172
00420477
02460483
07406765
13331634
07415730
01978576
02537960
01398919
00484892
13928388
08664443
05781347
02314275
02205272
01285440
04934546
01933900
00706975
06892016
00019792
05199869
07518468
01531375
05793554
00078760
05986948
05901508
02806907
00696189
06733939
02340360
06742772
13496517
00392950
01013434
00916123
00151087
00100253
10418101
03238131
07521674
03200701
08647616
00989084
03377582
03899328
00647929
10592397
10486349
06619428
02569630
00812298
01211699
00351824
00691516
05802912
07194499
01884974
05783940
02581477
05565696
01549905
00403466
13813765
10126177
11480698
02902250
00182269
07240549
02578235
00309582
06410776
14407899
15152062
02716165
09901642
00953058
06367107
00005041
01193886
01054545
00038849
08566707
07262704
04645943
01146576
10336234
00703875
00797430
01101753
05447599
02897524
05691376
05162455
00754767
01452593
04990220
07490713
05555688
01590747
10516874
00844994
00916909
04898208
04016240
01164273
02965783
03773035
02702508
00872541
01644522
13948026
05296253
05286536
00262703
00372665
02671421
00200863
00394610
11552386
06506757
05803212
01350994
00047317
01626420
03664514
00004258
00636061
10150794
01986538
01759182
04151581
06425065
01679980
14686913
00961586
05952979
07355887
01570403
10107303
03499142
05468849
10562283
13790712
03956922
02914991
05845140
04296562
09810166
02690093
02500902
13365286
02934888
01747717
05602548
01009190
01008378
10165109
00793785
02678663
05034225
02782815
04209239
00048656
09825096
00775831
01973759
03878963
10159714
03062280
00609236
01872645
02125223
00937208
01190884
01180695
07290278
10372076
07045353
02137907
13554343
13405962
07343363
08108627
00059127
15109745
02392600
07363346
09790482
10464178
00206927
04446521
01240210
00928947
03925226
02217695
09614047
00734054
00056930
15142167
00275607
00425090
03181293
13275847
03264136
05820170
06387980
02963821
02372326
00961001
04606358
00584367
01090308
01745536
07002992
00748515
10625860
08511241
00764222
02504131
14451020
06602935
00908621
01014731
09631463
05309050
06201042
11414608
00002325
00359614
01809064
01233397
05199286
03365991
01549719
03546340
09931640
07407970
04476116
15272029
07472929
10399491
03916720
05829480
01261490
00003316
06721949
10576316
05761380
01967104
03365592
07488340
02459173
00877127
13486270
00203866
06371413
01078783
10646942
14463826
00062451
01227675
06389553
08188638
01041954
00168658
00803394
04735233
04650527
10140051
01383638
00014549
03288225
04871374
00020827
01335804
00879540
02400378
05828102
14036203
14023997
05689801
02185988
00566298
06757057
05249636
10564224
00068617
01104637
00617989
13769317
04073208
07505047
01781180
07450842
15256245
10538154
10253995
00682230
02178866
09942970
02554922
08497294
13096863
14578471
08381436
05480794
14010927
00354634
01158572
04585745
04756025
01253808
03419014
01159655
05576573
10757492
10526927
00868591
00700708
00298556
01734300
04016576
00111129
04768657
02910789
00045907
10665302
06756680
03206718
05153520
03619890
10418841
02117649
05896733
10393909
00734348
06629858
01685601
00900957
00191980
06171040
05405946
05398609
00917211
00353782
05111835
09904057
00163592
09630641
04937043
02261386
00629257
05838176
07447022
06161718
00356367
02364448
05138208
00537339
13864153
00943281
02752695
00588598
00715074
05810948
00720565
14515463
02444159
06768901
01988080
13910384
09310460
09765278
00714531
05595531
01548576
08054417
01053207
01872877
04065464
00097504
11677743
10046527
06798558
00052672
00257770
01023574
00539546
00820801
08559508
00722675
01343892
00169806
09609871
02253154
00471196
03918737
04700642
05161614
01225970
01280645
00914632
01629000
00988028
00156812
02506546
03488188
09795124
02130160
04846770
01610463
00591519
05465567
13560079
00119266
02883344
03120029
03650173
02372605
07885937
05803938
07296190
09791530
06148148
02641957
06397307
00356621
00859153
00058519
09802239
07323922
01769843
02686625
02052476
02099019
00610010
00744443
00852506
00665358
03949442
02555434
05329533
05289057
00990008
05761559
07491038
10553805
02551832
00066636
00463543
02853218
14481080
07497976
05724694
01658188
03210940
02107248
10334101
14425103
05282433
00798717
10383505
06376154
14046202
04661151
07248801
02682424
10169796
08109624
01466543
01258302
01233194
01434822
03274796
10434725
02108377
04623612
04435870
02679142
10082146
01412346
08252211
05344848
05333777
05721180
00150202
02159427
01007924
07959269
05289297
11669921
08398773
01309478
14560612
02769460
02089984
10335801
05755156
06172502
14575399
07240925
02479154
05176607
00781685
06345131
03840327
01015310
08179879
06355705
00626188
07243193
00067990
04602044
03544360
04729328
02706691
02404224
02336483
03405265
00033599
01191975
05537576
03882058
04188643
01667132
05710020
14379130
07527352
05831784
13859043
02476219
08400965
02749778
06152821
00289082
00808855
02838592
10426454
00751779
09937688
03673971
08473482
03308152
05262185
02140781
00855794
05435277
01706129
08679972
00063652
00199707
10114550
02165543
04162706
10692883
04821802
00896555
13275495
04762355
04551055
02660819
00028362
02069248
01150981
01538161
00050195
00776846
00610373
09963914
00398704
11498040
05670972
07794159
07776866
00306102
08054721
09944160
10307234
00610738
02218759
04553703
00689344
00613683
03244388
04711435
01129201
03739518
05781800
01976220
06258031
00222248
01428580
02528163
00741685
04648207
00218208
06467445
02463403
01460421
05978623
03290771
07314277
00042457
01877620
00102779
01160729
01642437
00746479
00902424
05467054
13896100
02084252
00844941
10054657
00103696
04939324
00889229
00392093
10792856
07395446
00204439
05309392
05335310
04686003
02535716
05773049
08568978
13354985
04007894
08592656
14001728
02554647
10360101
01254324
10645611
10122300
13761966
00884778
02717102
10617193
09937903
06321054
00234892
14425414
06472025
10608385
01139865
06346681
01935233
02318464
00882802
06688522
01400044
05864177
04461696
07387509
08103457
01182654
00242808
05792842
01022178
04192698
00858568
09910374
00212808
00052334
04689450
02678839
00758627
01278427
00592702
02229828
06374587
13308999
15257692
15224692
04298308
08239808
13331198
10773126
03906997
04608567
09328904
04295081
10294602
02452885
00949974
08478482
13773361
05476256
06346461
05088056
05087297
05432736
10638385
02629390
10609092
00290276
01083044
00609953
05602835
04759849
00432683
00747135
01214171
01990694
00797299
05367341
09831962
00716531
04275661
00902652
02321391
02517442
05602132
10384214
01323449
02357693
00922438
11414874
07363883
00728975
00776059
05338410
05329735
09607280
02379198
13536794
01240432
10309347
00707956
00055633
07215377
00468480
00467719
05047279
07419233
00048225
00306723
07308563
07999699
14699752
00013615
14010148
01350283
07338681
01239619
04357930
04039041
05610008
01056411
02912065
05710573
01987545
05509889
06291318
07497473
09622049
01152396
00734587
05147381
02146790
13486671
02703539
00943363
00213186
03163798
05285623
00550771
05837957
05501711
07330828
00361192
05827253
00894221
13732078
01580467
00910203
01107932
03541091
01901289
02340543
06691083
02789271
00147454
09805475
02945820
02410393
10381214
07226545
05200169
08111157
04837232
04835724
06149484
07128692
00240754
09801864
04806804
05838765
01801600
05731779
06404582
08620061
05072663
00907657
01488245
02653706
07180183
00159620
01239494
06115476
14525548
14525365
00038750
05503705
13939892
01061481
02514187
01967792
05160796
10756433
04679738
02761834
01998793
03778600
00147187
00815379
00066216
06539178
00926702
13366693
03562126
05555473
02677097
00604811
04152593
10511425
14048134
13954818
00194969
05473928
00581891
07409121
01875295
02559199
00300537
01374582
05564323
05712076
13135832
03177349
01899891
01156112
07320302
01046480
09615211
08630039
13367593
08166187
01802494
00995119
08166318
01484982
09349648
04904996
05064037
02531199
05758059
02110220
02765464
01752495
10191613
00476389
05782140
02668523
07231294
00471711
00446329
00251064
05385534
05993844
03405725
13576982
05849040
04618070
00277659
02850732
09913329
02242464
05495172
01103180
07550369
03265874
00694990
02528380
00611143
02227741
07160116
01240308
07120364
01486312
00553823
03574555
00929362
15268239
01395617
02629256
01020356
05339357
00274941
05661996
03084204
01567133
07970406
01032368
01279305
05145891
08009834
06397903
09624980
05623818
13299651
08123167
05596004
02996904
06743506
00039021
01016832
07160296
01019524
02418872
01844048
07560652
05386845
02451575
00207418
05202284
03526198
02008066
03841143
02942769
01176219
00107943
03501614
09942431
01189001
10631941
04668819
02533313
10173895
07307754
00763901
04871720
07207273
05797177
02290998
05705355
02722782
00471437
04447028
02881193
06711159
00557813
13999663
00414179
04152387
00931453
13956488
00825648
05773923
10532576
13809920
02255462
00804695
03691128
02928413
00036178
03671473
05510173
05804274
03320046
05818741
10517826
01432353
00363788
02215355
03017070
02291548
01538310
06709998
01062583
03182232
14333433
05828263
06714288
09889691
00993892
02713594
07334876
01778212
03045074
02123903
05397178
00990655
09622745
04076533
00646542
00673766
01027508
14051917
02371718
02687385
06516595
08163273
07566340
10779775
01552219
15257553
10034614
06536389
02747667
00787218
00672017
03222959
05383467
01019129
10619492
01861403
07242912
00270005
04689660
02320374
04780605
10339504
06392935
06313457
05563034
05803379
07253637
10671042
14285276
13858604
00886281
04161358
02465414
02514825
04635104
05271814
05796423
00924612
07519253
01619725
02469914
00900070
05933246
07092158
00658627
00657604
06373991
00719494
05305136
05217859
01629276
07012534
10599354
05806855
06338908
04285146
10448983
05254795
02773037
00228655
00884946
04761815
02468617
07332691
02061846
06428646
00190999
02131072
15003969
01190948
00364064
02384275
07567390
02151700
01384439
00327683
06885083
01214786
09354511
14940386
00699626
13408980
00923444
02749247
15258694
04170037
13289467
05893653
02412175
10518194
02685365
05485314
04897762
05604950
02676789
05581514
01376082
05261404
02518161
05733583
05582305
10029269
02209499
01588589
02715513
14450691
00003356
05585205
00043609
00794981
01095218
09974054
00377686
01930512
00755500
02296726
04999741
13484303
13757249
06400271
02466111
01807770
00924431
10611613
00230033
00046639
00313245
02529772
01780202
02658283
15291498
05229622
04125853
07298154
02422026
15258281
13308864
07649463
05556325
02702674
00430370
04526241
09792237
05371663
05389762
01469263
04847991
00974444
13935227
02314658
04524313
00595630
01987727
02703952
01029406
00144850
06208021
00154778
02584643
08679369
00588998
13947415
13945919
00539110
01232412
07162545
06681177
02419073
01572510
01635056
00819024
05367735
02148369
00590518
05588551
03588414
04910973
13860548
05370918
01862386
07522128
09773962
02138659
09816771
04384593
05580416
05543177
04936846
00062133
04877421
08208560
00257269
14853947
01771390
00351485
07013736
01342529
04633197
00435853
03686658
05240850
00611055
05434557
05517578
05280831
00943563
02040049
10728624
05324553
01177505
13480848
06504462
10247044
05293773
02225510
13941125
02671062
11499817
09283623
08122141
08119821
05638987
07500741
00618451
03412220
09882007
00876442
15143477
08377806
10732314
10086074
05275466
00276620
09880741
05651068
04154152
00198793
03789946
14379501
10169937
01277784
03297735
10290422
02725714
06793231
13459088
01496978
01979462
01032040
01410905
02115778
05352291
05493303
05279953
14938907
01534609
05344514
07510495
06731378
02084104
01996585
10583250
02469835
02690941
07985223
01022064
04826999
08000304
03010473
01588858
10404672
13470491
07410207
00502415
00547802
06078327
01600191
11450869
04530566
03424862
03282060
00011757
04184095
00249313
05133287
04188368
02386388
15236475
02043501
05593476
03109693
10648237
04716864
00959376
15253139
02424652
04019101
04412901
14405774
02045043
15254028
10308275
01225783
04422875
07513508
14514039
13937554
02627934
00099721
10024362
